10427
1986
3706
396
1076
4174
6533
6986
2048
499
499
8126
1004
5427
9420
9128
5803
499
5917
1451
2430
8763
7960
9530
767
8900
3644
9140
639
9061
6827
813
2726
7811
2035
1776
28
502
9696
9070
9733
10449
9608
7209
9936
5980
6026
9147
6828
2719
8747
613
1475
284
1425
441
8220
6863
2560
9343
746
31
2547
6990
0
6873
8628
4544
8033
7686
7625
6559
926
2017
9726
3569
10181
8399
1617
3289
8587
8449
7978
24
833
7469
8535
9031
8629
440
9134
228
7935
8321
10109
3079
10431
608
2029
3545
2903
1847
3526
544
9247
10371
2660
1611
435
10396
3686
3692
149
9164
8638
4657
6150
6418
9290
72
8582
6599
8273
8517
998
5401
8293
243
8806
899
665
1743
1015
8362
13
1943
7484
10237
5709
6041
6018
2778
259
10316
3997
5096
352
1583
8942
2117
8917
172
1196
9455
3317
9382
8469
2456
7050
9988
2721
13
786
9602
1951
10357
3287
2367
1422
9349
6605
9841
7620
214
499
6036
436
958
7405
2933
393
8144
6271
2532
8944
9450
2599
6681
9225
1485
766
2460
8234
2132
7529
2760
1375
10082
6068
8968
9812
1790
9497
7940
9556
5246
8481
2878
10085
8325
9891
3281
9896
9806
2051
2803
1621
1018
9220
1278
8812
575
1389
9918
1715
10350
1421
8844
8398
5513
445
10079
9959
5940
2611
9433
6667
260
1946
1277
8379
472
2524
10278
7958
2409
10020
1260
9173
10385
5867
834
2427
3979
10434
85
729
9229
1473
7783
164
9259
9338
3290
3346
7685
7920
7358
1965
711
1665
7298
6565
9502
1092
9187
8415
9509
240
4021
6834
8602
432
7980
2881
9833
8386
1826
1714
8332
9651
1335
10100
303
9474
10044
8865
8299
10116
1854
2916
10054
4714
8860
6067
8101
990
8403
4119
7154
3601
1794
2567
3372
2192
2528
2091
7782
426
724
9226
478
9479
9275
255
6620
8786
8838
767
7357
2720
1809
171
9853
10161
6452
10443
5222
2148
9167
1772
227
9972
9707
3325
10356
573
161
814
9320
6746
4638
1605
3993
6397
2838
6890
7103
5568
9446
10330
9233
6250
1848
10183
89
2199
7589
9415
538
9623
1121
1975
3240
114
1583
7829
1811
3096
9926
9921
4089
4089
9388
2713
2958
687
1613
7227
2658
1606
1427
6703
6752
20
7615
6564
222
244
7284
8335
89
6893
1847
9000
8989
1572
625
7406
972
1908
336
10032
6608
50
9215
1426
1547
9064
9708
64
9830
705
643
2268
5959
1992
1885
6935
8370
497
6069
8491
1125
6749
6709
2295
9237
5642
8141
9699
842
5468
7789
8666
213
7501
9903
6965
159
7720
8967
5142
7107
10245
8750
9104
7365
471
10064
10140
821
650
6228
1045
8684
5339
9836
9192
4736
808
1574
417
2411
2969
7022
9723
8467
6842
606
8300
6340
8475
613
9584
920
1867
3032
6215
3159
3755
6111
19
7366
2477
891
5896
6982
7438
2913
9281
7774
9654
4998
1068
9308
931
8139
5921
8603
5991
9211
1439
1176
340
9560
10107
8840
6918
8731
5416
578
8569
3687
2798
9845
99
19
8890
7071
7039
2282
5663
6491
5772
495
8137
7707
9604
211
5367
9904
9873
9160
10209
1579
2009
2099
7918
9461
9946
1404
10410
1104
10212
4205
6975
9697
2608
250
368
164
9123
665
800
6287
4025
1611
8054
6895
2257
3460
9872
701
7772
10144
2583
8714
787
671
63
1861
7421
3929
3397
5927
2261
8492
24
1234
734
9210
5461
435
9145
8075
7218
9148
1585
7598
9112
6813
7901
9384
9306
3239
3443
8759
1863
10059
6997
10421
2685
6702
9251
1483
1720
7590
1861
896
9454
10445
8197
9045
6188
5638
1840
8594
8199
6281
6141
6606
9569
518
9269
439
627
8859
2051
6898
9982
8768
2345
6273
9722
9640
10373
9335
53
237
2281
2148
3546
10170
2298
663
9293
1237
2581
10246
7323
7909
9003
1680
6396
964
8158
1582
1324
1687
204
9310
9923
1873
8095
952
9820
8855
1640
6275
3795
1784
1219
832
991
0
4274
7236
9954
9040
8879
6947
8441
8027
3413
267
9771
1633
2929
1136
5241
5943
3671
1007
185
5496
2529
520
7757
9753
8595
8211
8813
2541
742
1640
9643
854
9462
7113
9165
1384
2695
7105
1577
1711
8966
5931
9074
7612
9888
9194
9485
4173
9799
1798
2676
10262
2029
8246
7454
8893
286
1008
1727
2258
2588
6664
278
473
856
440
9655
1740
3570
7921
32
8700
2518
1523
9242
234
5619
2090
8575
10136
590
9294
6204
2950
52
1060
5425
7856
10276
8922
789
7695
6483
1611
8717
855
9438
8555
2153
6390
1752
1143
4245
2480
7585
10033
9444
437
1481
275
6910
221
4492
2214
9305
10008
4802
9797
1717
261
328
5510
9403
2636
2492
8243
1679
5077
8367
8509
7115
7195
10000
901
5102
3309
8776
2406
9716
407
8596
8951
1776
8062
10397
9027
4575
9889
370
1299
1021
7441
2685
478
10167
858
848
8949
3057
5259
482
9591
513
9874
10362
132
6777
8867
6525
7948
9834
7494
2411
2080
7753
121
255
5952
4665
3271
27
8611
2260
275
115
5415
3781
213
6398
1012
928
7006
6650
551
4614
914
8775
5951
8896
6795
1037
10214
8438
6717
298
1853
9730
9783
9212
7878
6159
2108
492
645
594
9856
9634
1604
5250
8102
1259
3596
5122
2015
7435
4208
4628
5312
7883
368
1836
5770
687
10284
3552
1967
2710
9945
2096
3398
3736
7352
1189
8643
8311
10417
10051
5965
1725
9303
1351
8296
8326
7604
344
147
922
9507
8363
1501
674
552
9682
2972
8995
6074
10367
9002
3858
6461
8443
9680
5096
9058
8007
5074
1202
7045
1129
10382
7234
603
9782
7475
992
3672
328
6144
9800
10027
1927
8614
5775
684
9772
1620
1135
360
8974
6313
9051
279
169
5389
8216
1350
9183
10307
10153
5495
422
6794
866
10458
8354
9683
3675
7741
2242
658
7330
1477
9694
9899
2691
2074
179
7173
5611
309
9863
507
792
10101
1797
8459
4960
4676
9515
6165
3379
328
8460
8125
274
460
8119
10354
6465
8013
10236
111
2480
8713
8086
9416
6981
1361
8461
936
10213
8846
879
8871
1327
2521
1400
2477
4135
9200
3520
297
628
1236
4089
9055
9266
421
9894
10257
9491
1863
5323
9166
7895
5074
5493
1611
2150
768
605
7098
6841
6019
3526
1842
8295
7273
3654
6859
12
365
541
8419
4316
8932
10215
10241
2119
1143
1616
9765
8850
1760
1678
1586
6676
610
556
7235
8721
10314
8223
689
6262
3432
2562
2476
3348
7019
6059
173
8774
9804
3954
6414
885
258
10026
6548
2380
10125
8739
1843
8412
8487
7812
421
1560
9426
6849
935
3534
7704
1859
1972
7807
1011
9238
9792
7575
9015
118
7533
7831
2558
9404
880
5291
1350
284
1130
9375
9199
1221
1556
1225
363
938
10411
6430
8591
3651
1841
9379
5981
8845
143
8200
1400
2015
7415
10289
1375
10251
1611
2843
6647
7459
3550
1359
9469
9824
6291
6203
4196
6192
8255
6357
186
186
6741
8694
3087
2342
804
1414
10040
9149
550
9625
2261
7467
961
70
9794
9377
5288
10201
6591
8371
5858
7889
9576
6055
1175
8674
2385
9724
10193
7020
10048
7202
6875
4135
8131
4320
1297
584
1690
8277
6010
3419
10256
9658
6297
9693
7716
2312
2383
8471
5578
537
5320
1082
6139
4347
7972
7519
1527
1304
10015
1374
5575
3242
199
7347
8873
1719
1274
9504
1372
8100
7746
2112
1533
5834
762
1962
7135
31
7001
7007
5475
9657
8076
7982
7052
9366
1241
715
6196
1473
9995
1243
2102
5324
9825
6151
2381
6116
429
6350
935
9135
4
6788
4003
1643
9846
10341
3224
3126
8294
9120
8479
5873
616
817
434
634
9324
9627
970
10282
5599
8771
1830
644
9593
8368
5347
8476
1797
3438
7764
868
8906
2537
9514
113
9704
10216
2895
3041
1302
1198
174
7295
10097
9942
6037
4080
7835
665
5449
795
445
8247
10384
272
10016
3622
763
6047
8160
1757
4737
229
10401
1
1219
10126
1615
8006
3974
9847
273
9865
531
858
10242
9663
1905
5443
9357
882
1084
9350
6043
6672
818
7259
3652
9822
3686
109
8571
2402
2916
2940
9554
416
1474
1999
9518
5780
10013
1911
9127
7061
6781
9745
8620
2294
576
7355
2351
617
2307
10034
6971
2476
8911
15
10049
1513
8372
6662
138
80
1389
8429
8795
3891
7246
533
8551
1000
7635
8787
9538
2065
130
1576
1922
1282
3740
2021
2730
6962
719
5860
1583
102
94
7057
890
10238
423
6851
7763
2950
11
1419
638
1582
757
455
1336
6012
1508
7944
1688
4018
6250
844
9671
1058
4938
8973
1110
465
1763
1024
2534
2522
7709
34
3481
1148
6535
10073
9180
1222
8163
9093
10320
1040
8257
828
1279
6977
3714
7038
8707
2884
9466
9698
5209
2096
851
1144
801
617
2057
6429
7083
1372
4936
1829
9955
1071
408
7434
9487
1590
7275
547
6518
49
9129
8120
6707
8079
1191
10036
138
1801
1995
9968
9332
7768
9647
9202
4794
5709
609
551
2725
8834
4347
2484
725
9737
9572
9632
1819
1836
889
9133
494
8167
83
8468
6969
2019
1553
10023
2076
696
6243
893
1050
5971
1369
4093
6547
8657
10208
1081
7937
1086
9807
8976
7919
3195
8212
878
2205
7424
5551
9978
2962
6416
7426
1137
6526
7201
6692
9994
8583
5958
1245
538
592
7280
280
9619
1681
9115
6874
9622
8523
3627
1239
3544
3842
758
55
7436
10321
9857
311
8308
3561
147
9499
322
7912
8653
7503
5765
10296
68
2555
3731
10298
5556
639
762
27
9611
495
1003
6753
7771
8971
7689
10287
8190
2301
2075
7455
1235
8034
9417
1459
1044
8381
10019
7031
3753
1633
169
9890
3048
1700
6277
2018
8767
1106
9755
1480
2160
1656
2263
6833
6131
8954
3980
325
6699
7121
10162
122
10319
284
8910
5897
8732
6847
63
553
9451
641
1875
4090
3454
7445
1825
3287
1094
9389
7055
690
5392
3045
1754
268
3211
2149
7658
7674
3546
1444
243
7873
1364
5405
2101
3762
5698
6987
2779
1117
5462
10120
4235
5821
210
783
8660
3286
2193
7325
814
6339
150
8753
3486
1696
6129
7408
5450
1486
2442
7504
5813
3000
8018
6982
293
1345
1287
7145
725
744
2296
1899
9769
2393
7248
906
563
2564
6958
1174
2721
7214
6668
27
6290
7793
9141
7750
6888
8527
3124
2903
5633
5940
8778
415
8154
258
1380
2888
10463
946
513
8320
1301
7986
10451
7611
6455
10147
3046
8943
10419
9817
3945
611
21
10265
9987
9523
326
3920
1098
3475
9197
1060
8940
136
9150
614
6210
7596
7549
2177
504
9078
1574
6358
8477
1939
5882
8533
4533
2293
9814
949
401
9784
9920
6881
8244
6720
284
9989
9876
5398
6305
1134
10104
1162
8648
9080
4510
750
5969
9690
1174
666
7656
7134
4168
1757
486
7869
3304
82
582
897
1142
6854
9198
767
3486
8423
9372
10306
6936
10005
2878
8521
7066
7619
708
8947
10149
41
9631
993
9161
2572
3104
5622
8693
280
34
2
897
10447
409
9352
1456
1566
1291
170
170
26
8250
10247
4120
6943
3603
923
4877
9826
2773
1996
1996
6439
3010
438
4298
8347
397
8536
8677
68
459
1012
3429
5956
6377
6393
7938
1793
3158
1347
586
9457
202
8849
1779
6195
6006
1360
1946
1848
8991
572
7593
5530
9434
1652
6466
8869
9809
7088
2157
4105
3218
3024
8579
7085
6260
9203
1044
9762
7987
114
10224
3694
6654
1606
449
1284
1047
524
480
7977
9223
2972
7946
927
1594
828
10186
6686
7336
9189
1744
5718
7059
137
7312
1747
5746
10093
1482
2097
1738
3554
5800
2292
8493
2060
9590
1294
6454
7556
9756
8268
646
9752
8703
7311
809
1519
7461
3241
2663
7838
411
1261
361
836
7987
6453
5697
9436
9470
5334
7013
9467
3976
5307
3029
9014
10369
847
3705
1832
9498
2315
10106
6307
1736
818
207
1489
7844
9802
5969
5485
749
789
646
294
9102
810
4944
7574
7225
8673
8283
3344
9990
6970
501
806
7922
7344
9095
90
8687
9676
866
6107
226
1071
7091
6629
5459
10143
3422
242
7065
9650
5649
6600
1436
236
6772
196
116
1149
1149
896
1942
7636
3449
7037
1919
9032
8605
3377
10457
10250
227
8425
9073
490
146
9047
9201
8863
4769
1331
6348
5812
10435
6614
2128
7
6779
3028
7172
8697
8997
5301
3447
2126
4813
2356
630
117
158
9667
10399
8376
1709
7592
7260
5972
2856
5328
2288
1384
3746
522
8060
9843
6319
9427
7939
7547
1825
8539
5328
8015
7175
9992
991
9721
1785
8067
1538
7633
9996
2531
1846
4891
9062
1299
9313
1126
6217
1475
5355
10388
779
5836
7368
7887
5688
3881
7810
8470
798
2418
1934
2714
1181
6404
3651
7004
9342
3401
2426
82
8291
1650
3844
6756
2817
7791
5682
7301
8888
424
9924
8692
2584
3320
2278
165
7629
1989
6477
7458
752
180
5181
8672
8017
7749
1608
2825
5745
6846
4767
9614
1229
6641
336
983
8292
2926
8272
9679
8941
2458
1627
6334
1041
5533
3010
9252
8205
684
509
7168
5251
5308
657
5589
9216
8171
5707
9729
1891
187
10269
10361
6493
2827
562
7792
7446
9979
10041
629
7428
413
247
724
9370
1126
5716
327
372
5169
9705
7981
3159
1173
188
8394
678
1037
274
5081
93
907
9868
281
9207
8568
1265
4317
592
9793
7821
413
7444
10436
79
8843
10268
9044
3731
8170
5413
8284
2760
10045
7205
8147
6126
1326
6527
6240
10347
8495
7480
45
7553
1920
9831
6076
9204
7702
815
567
2559
3596
6920
9731
1391
1394
9493
630
1393
1520
6911
9600
7395
1185
839
979
7966
8029
8547
6742
10009
601
2098
9612
7779
4585
2285
2131
7060
1139
8203
980
3261
1097
5322
9006
9228
8385
10071
4087
7963
3355
2110
2280
1910
55
133
6822
7104
9088
1518
7652
282
684
7081
1373
8958
6229
1129
975
2161
8988
286
745
9028
9390
5290
4300
2208
157
418
7361
8515
2583
7555
6445
5488
10335
7682
5318
779
1194
998
8927
9971
2753
9346
10069
6566
474
675
120
1663
456
6227
7270
1937
7169
1654
3518
10227
133
1575
516
5274
10258
7561
1490
1930
6170
983
8678
378
6342
315
6475
2829
2004
1037
9086
7934
2656
314
10308
9613
2035
7699
1182
9424
9280
9421
5182
6842
4575
1119
1890
1509
1729
506
6285
8570
1009
1041
6798
7307
9396
9668
10261
54
2073
9735
10047
773
9113
10425
54
169
9111
10377
887
313
2039
5864
9483
7998
465
1037
1954
9277
10329
8050
648
8420
939
9329
7769
5284
3009
3296
8606
7300
9369
425
2268
9910
6517
7714
5256
7683
692
10337
7139
1244
6701
8597
5694
7
382
112
10387
1734
2190
7359
9159
7086
898
878
10004
1776
3203
3258
1013
8981
7122
10414
1374
5283
907
5857
10135
548
1691
10024
2010
6444
3248
6406
2575
2496
1230
2536
1156
10464
1987
972
2444
751
3108
7653
877
2103
2103
6582
10191
3078
1363
9633
7690
3008
2656
9362
4461
7731
310
5097
76
2326
556
8756
7489
8285
667
1034
4305
1213
5966
2500
3740
5571
2924
606
738
945
7645
1460
1204
1163
9938
1188
308
718
3112
10014
8044
8345
5480
1911
5372
7601
3518
1154
721
10416
9567
1287
8689
7874
6769
1954
1231
9085
1898
1027
2287
2287
7557
8773
7077
2564
2442
6413
2480
8610
9736
3422
9813
1438
7079
4761
4205
9644
9394
6838
9473
217
1344
6168
8608
9341
7279
1924
7743
7734
294
10271
543
7626
5435
6045
730
933
1272
6879
1689
1155
5363
7386
6848
1723
26
1998
8312
1944
384
8057
10312
9768
7354
9121
9234
5426
7717
2363
9741
9773
8621
2669
8322
10444
6308
1721
6814
2928
8407
933
6909
3070
1510
9790
1455
306
9049
8178
7231
8251
6187
3360
10087
2772
6400
106
10211
2583
1422
2736
1936
1306
5741
9555
10070
9291
1501
7328
7962
3444
28
5581
1295
7243
714
541
5272
716
6638
2280
1522
3810
2593
1674
4922
368
8761
4972
8926
7156
7956
966
36
7902
248
8077
1026
9927
1874
8558
5754
256
5220
7349
7349
919
7891
6091
6104
2080
874
5825
1262
1138
1988
7199
5974
7518
10084
1563
10155
1939
9439
8472
2017
1556
1267
788
291
8532
8633
9742
1973
1345
161
2898
1859
668
8084
9381
7029
2260
871
289
1914
501
6158
6632
9387
937
5880
43
2993
1432
3726
1701
2115
1446
1135
9548
127
7253
7979
7423
10277
4418
7721
7761
1580
1934
6394
3174
970
5394
10088
6995
6279
6926
1864
9481
8749
1544
8037
9929
10429
1171
5430
2720
2570
383
8586
5662
1217
6239
9126
8346
3003
1810
521
59
1861
7297
1472
5427
3601
7600
8918
660
7558
9849
4690
1854
4638
8359
154
1818
9155
476
9714
1305
6889
442
714
2699
7292
6651
9939
4681
8511
7068
2556
5769
1817
8580
1658
8458
7797
7457
7659
1536
7074
2212
1953
948
7607
1894
184
5508
9260
8950
7221
3317
3079
6061
6931
3504
1189
1776
686
865
48
38
390
8667
7573
9803
1086
1969
1690
6555
8204
1214
5861
8315
6373
1200
6359
1314
2557
1028
6487
641
8138
9399
441
226
1775
1951
1463
5204
177
277
2990
1647
9592
1671
5049
6626
9917
637
998
143
9595
9013
5541
6884
5835
1466
9893
1285
5337
622
8905
411
5531
787
8631
7597
1079
4016
7916
4137
3899
2785
275
9270
1020
9053
7287
8439
6368
9681
5708
7578
8811
1079
8791
1822
3403
119
7419
2106
1500
6592
10272
8623
4839
3542
3542
3090
1257
8087
1713
9725
7770
9570
3107
8339
7924
21
963
10324
6268
1766
8931
226
7442
5393
9360
3466
1866
176
5454
7965
407
1567
461
8647
6983
230
3594
1436
6520
9132
2204
7552
9119
9980
3110
1750
8961
9495
6030
4276
9315
9862
2118
42
7803
5910
6488
5693
3059
7286
189
944
10187
2017
2414
1503
7910
1402
4483
1980
7680
4877
602
10231
8982
10267
913
795
4805
8686
1936
2696
6612
4506
8225
9763
7550
10452
1018
1781
1134
5324
6665
1498
225
6982
237
1868
7990
6615
1388
4136
2450
7262
7926
116
8501
3196
3774
2665
1748
892
8833
3611
4598
477
5528
2096
10197
9488
9071
8279
9109
6891
7849
9072
332
996
8545
677
7775
6101
6914
9326
10430
1543
5709
9486
7310
1682
7740
3014
1265
8305
6504
3674
2791
7177
5641
8925
7144
7545
6912
471
6163
2695
8489
7523
1261
9678
10406
1909
3434
9423
1448
8919
235
5701
6253
6588
10030
2400
977
3675
7211
7014
7477
9484
1790
7114
1965
7402
5382
265
8990
3770
6815
10305
6408
6001
5370
200
9672
8831
7072
3602
7185
748
9322
889
920
3876
1156
7313
9869
3011
102
9021
2622
8452
5118
567
7599
9142
2775
9577
200
10099
957
3507
6636
7809
5032
5720
523
8802
2925
1023
5823
10383
9235
7884
8630
2853
8480
6710
2363
239
8876
10152
7796
7925
7583
6932
6266
4694
4840
8047
2775
7316
7111
6934
7397
1945
6161
5471
5358
2621
320
6419
5851
1729
8422
144
1074
680
2804
5263
1600
6402
9089
6607
9781
8396
5309
9378
1280
6524
8914
1666
9589
9905
1519
504
5646
7692
932
2243
945
2328
7931
1152
9527
8353
7745
827
6267
3241
3035
9190
1109
1109
6930
947
6628
8970
1788
673
1393
5790
736
7460
9494
9307
10003
1530
3414
6867
10243
8341
7483
9550
1337
9005
6678
5676
9431
993
10409
20
26
7033
615
4777
424
9582
6954
6513
6618
8725
1534
8945
8099
75
653
9966
9048
712
3777
9821
3782
459
501
8510
9580
5847
1198
105
8328
10202
797
2044
251
6100
1132
377
8011
6942
3404
3404
1292
7833
4405
6468
6485
903
925
1394
2980
686
2189
9621
2497
5749
8168
4725
5942
1917
6998
1654
3896
6743
503
7136
73
455
5204
8324
8188
1623
6751
5929
1075
6286
7075
7672
1150
239
2485
3660
1107
263
5235
4851
9531
5955
510
113
888
10408
10194
2038
9169
9779
7634
7613
48
1191
5585
9776
831
5310
186
3276
8242
8103
7024
3164
9610
7773
1442
1885
4017
3498
9345
2178
213
2207
8878
1797
9449
6835
4600
1748
9787
7513
9641
5899
1351
9099
3276
1624
304
165
303
4955
1948
9734
3305
1891
4676
8780
3963
1725
5285
6817
4210
8039
4319
932
8228
7897
7229
3232
768
6719
9934
10112
10055
9452
8581
10290
3599
9815
3090
10338
8184
1542
7056
1738
7668
1133
5331
6296
5947
1047
3840
2807
827
2898
8659
3810
2942
995
6462
5804
1770
878
8903
5605
1542
369
3823
8450
6649
1931
7532
410
5659
214
9758
10402
1014
3661
3009
8956
9267
9268
8357
652
10274
8663
2449
4563
2973
263
962
6687
240
10393
6534
7382
4510
3537
1507
1536
8189
2181
7302
5887
574
574
9639
9208
1930
1909
8117
2152
6223
397
8830
3324
7739
5987
6145
10413
7473
7677
6238
10313
5221
8861
8009
6146
5644
7605
5762
8413
625
9586
2112
2872
9365
6198
434
8691
66
10148
8298
9397
10234
6332
8882
1780
1492
631
10395
5368
432
3993
6075
6718
8358
2271
835
135
7903
748
7806
369
10297
2217
2909
3682
6924
3550
7915
9440
5664
689
10037
2782
6002
3194
9649
9744
5788
5266
5265
1676
1148
9617
10163
619
226
4903
1975
8000
2434
80
3131
8625
1404
4982
8607
6519
9528
2256
1328
1829
6857
8387
151
37
3010
6631
5221
1402
8760
9596
9392
916
10441
6040
3549
5826
9
7703
7756
7486
7378
2419
8498
468
141
126
3444
511
7119
9661
3048
522
470
1942
8959
4684
677
1781
9482
689
7567
2586
6625
433
3467
2271
2544
9118
10405
8365
1617
3876
5409
565
213
819
5671
5739
5570
2811
1530
9871
8788
842
857
420
9913
7044
9855
10074
5954
298
7251
8035
10095
7684
1839
7788
8405
8762
3978
193
1199
9511
120
1826
1339
4059
4286
2883
8819
10239
8839
10165
3767
6410
334
10001
7560
1724
5130
10220
883
8412
10235
5554
4256
3413
1678
5132
9213
2992
9861
1223
6771
4900
7356
10207
10154
6655
3936
6112
5982
3394
2332
8996
785
4534
577
7521
7724
323
7665
6783
864
9941
7577
244
9114
8626
4513
6095
9162
10221
7267
488
402
3353
2609
27
9609
5702
8187
961
1109
8799
7132
7606
9443
6401
260
3112
5715
2885
8276
1775
798
3268
3990
8151
10222
1263
4317
9106
2689
156
8726
8815
1675
731
3467
9219
10332
101
6361
3371
600
849
1561
1749
7623
6572
7345
228
2712
1260
1260
8473
9098
7224
6423
2929
508
9017
1915
2
5267
1037
7035
10038
9583
5526
2593
8022
7813
2464
5233
9949
4468
3602
8451
7641
307
5299
3288
3802
4053
8723
997
9478
3342
162
8229
647
466
3507
4502
5505
2019
8221
901
5209
7326
9999
9535
9042
7165
1293
6604
1764
5771
1469
10123
7058
67
2182
1835
8310
10266
9662
7472
66
3006
2039
1598
3941
2749
6099
5944
3528
465
913
3348
8688
9460
6994
5378
3068
7705
7190
586
256
8286
8604
2711
3736
6861
167
7288
8503
2849
529
3712
277
189
5545
5934
1059
2205
1101
8573
8651
365
7462
1618
5595
5844
7166
7559
8561
9711
1030
10169
4149
8790
6811
493
1025
829
7785
3637
5420
3242
6443
8889
8730
515
6082
985
995
7025
1144
1167
5909
4020
1206
2043
2052
8031
1482
661
664
10355
5222
1108
2244
7140
628
693
5532
1100
2134
3758
9526
1010
5418
8952
6369
10389
6490
7765
6479
6923
9037
8624
2790
6105
9764
9339
5319
313
3813
494
3223
3191
10281
9351
10158
6883
1321
354
29
1233
3685
5653
6712
3509
9239
5937
10349
9218
1782
1923
6422
8217
1496
9691
8072
821
1762
3070
10331
6806
1513
6623
2693
7676
9727
2634
7898
6680
6500
5837
973
8181
6590
2395
2888
1
3127
3013
2495
2234
9638
1515
6330
7299
7755
9516
826
700
1114
10270
1862
6645
8105
698
8559
8540
6435
1381
4309
6644
9571
1506
852
3974
3240
593
6724
1821
2305
7362
2562
9023
2201
1649
9243
1751
7997
65
937
6790
5582
3433
10370
609
7543
247
6996
1876
852
2141
994
10400
1661
6538
9333
9879
6904
7282
1039
1039
9101
7630
10133
6005
7673
59
1869
4078
5945
5314
10415
142
9568
2904
7032
420
2438
8588
5054
3441
533
6464
324
554
4563
723
6993
52
10192
1410
7846
5549
9709
859
7795
1403
2538
10360
1290
697
3401
2250
5243
6610
8972
8166
8530
8593
4998
7215
8953
7183
8309
7078
8885
7133
730
2031
6086
2407
8751
5848
10175
515
2974
6938
2091
1386
2963
5906
1353
528
4224
7839
4677
7954
3052
10437
1072
3303
605
8522
8609
7867
6476
7942
7815
7988
2503
3784
98
182
9374
8375
6251
6309
8585
4260
1346
6079
859
1554
2142
8679
2002
8169
10394
7823
5928
8948
1630
1849
8104
9116
5674
219
9914
1991
1192
10433
9642
9777
2752
1111
5294
86
10108
7678
872
8453
1369
880
805
8028
9077
1249
5261
6008
7500
152
8040
140
140
8800
7116
7971
8378
6620
3345
9713
2125
1196
1551
2324
3685
7798
9214
7373
1321
3332
7845
906
2351
9717
481
8737
10137
952
774
452
7268
8065
18
627
8901
3940
1365
6386
743
7250
3932
8769
1717
7203
7097
1861
10448
10378
2246
1601
9087
4860
812
5960
3884
2765
7335
2314
9057
427
4305
3293
8891
4476
418
6803
7456
7130
893
3270
5819
2649
800
1016
3221
10042
389
134
4634
8632
6182
2597
9191
1733
6560
7110
7820
588
6040
2807
2523
2520
6967
4277
795
1317
7124
695
180
5758
5598
1740
4888
6598
8983
5992
778
7991
1266
346
2007
7506
8617
2000
8336
9870
527
8482
7514
1069
8049
8894
3633
9171
4903
2382
2543
9961
6865
4533
7189
3858
962
7851
3939
4387
6405
10184
889
591
1636
5703
9471
352
6252
8654
5816
2586
7399
415
9636
952
8792
2287
1810
9110
1916
6903
2831
2843
1884
2118
5499
1117
8390
1391
5500
7631
876
8874
312
322
1142
8779
3674
220
8060
1530
9761
6659
5761
3104
1962
7537
8584
1536
3562
8772
1540
9330
1173
9933
10189
9221
5675
6394
659
732
8826
611
5854
6767
5117
10022
9573
7862
6363
3108
8754
2718
11
6791
555
9786
368
1846
3259
7691
4240
9354
2023
6889
5279
2047
1177
5800
5502
10374
9244
2550
9616
1916
8796
10121
2513
5
5875
10322
326
1104
9962
9581
2216
1423
8821
9425
9477
46
208
2281
5193
6648
9232
2311
5560
9880
10171
1703
1875
2298
250
1539
1487
5234
323
342
6671
1433
8818
9298
8502
1573
8249
56
8146
7413
7995
862
10010
1038
3900
128
3188
7049
2443
3310
4001
7269
1154
869
7394
2327
8685
7171
2813
9143
484
3445
5380
654
580
7092
1486
400
8152
1286
2826
7238
9551
2845
3403
7329
4233
10142
5905
2521
15
9858
1101
7544
1743
7137
10061
950
9549
1438
1042
1153
642
6374
60
3093
2217
971
5648
5332
9063
1095
5445
8576
2040
3389
2079
9022
997
1393
1116
7479
460
1789
8356
10199
7945
6877
2312
3105
7865
3432
6061
6773
876
10368
3850
6096
1258
8301
10327
9517
3195
2386
9688
1507
3189
4927
7993
1051
4162
3764
160
107
4163
5660
7742
10002
992
453
7881
1451
1814
3771
4544
930
1093
2046
9100
5237
2851
8218
7670
2387
7192
7420
8213
2969
8222
4629
9380
8115
161
3692
6960
4624
9789
9542
2094
8531
2610
10442
752
3554
7666
2590
7149
623
942
246
4002
8955
5120
5120
5849
8898
601
1308
1944
7863
10334
6117
10198
9785
4633
9007
8525
10177
3991
6248
2317
9950
10462
482
5159
10340
70
6134
320
230
1686
1586
9835
4013
7491
10412
6244
8263
6233
2464
75
8202
922
922
7277
1593
2337
454
540
2712
2692
1647
3575
4566
8445
5781
10159
1837
8828
6093
8755
2359
5028
2906
2906
7371
1385
7206
8909
249
2528
6379
6057
9492
9659
1659
8887
104
2536
727
1711
2980
9489
8316
1913
886
9746
4597
1013
4731
3962
606
1428
1082
10351
3651
10440
894
1387
7855
1916
8645
8486
37
8107
355
10105
7787
319
5639
504
6456
5473
5504
278
1805
4154
252
1628
1343
2902
1011
7999
7929
2468
8172
688
6206
6081
825
194
6528
10063
4599
2570
1527
6852
5456
2946
323
3846
7126
216
4470
8984
324
423
2039
2449
9254
9271
1828
1499
1780
698
7375
517
6495
8814
4585
2658
5686
767
6913
2306
1837
6016
9544
5998
9299
699
599
5950
4385
29
7933
492
4549
6224
1762
479
1599
7468
8733
5650
2489
9686
6886
4053
2021
5038
3459
8128
6885
8805
8484
10343
8214
8618
273
8073
2142
1310
8852
5713
1179
7854
331
10403
3667
135
9340
2102
4862
405
9065
6221
362
1928
1626
1426
8045
3733
9131
960
4055
181
6726
5872
2501
10390
1355
934
4174
672
40
504
1092
618
7067
825
9703
5672
2962
8534
2047
47
1342
1342
3512
3085
7041
3115
9344
669
739
10345
2560
214
7655
7040
7571
8092
8999
6521
6711
954
985
9026
2208
408
1052
1334
4018
9599
149
5542
8572
2257
7433
1458
6643
3922
3678
5829
3384
5565
9255
9435
8252
10145
6985
7776
6463
309
5427
10342
4994
10260
3954
6956
9770
104
7367
8928
10279
6713
1274
1096
3085
1739
2331
8748
5995
3296
1296
7970
8454
9302
7951
10138
4087
6347
5816
2069
761
9957
8546
1964
4682
1019
7351
9036
8798
9170
32
579
4962
10166
7572
1568
7719
9892
3275
5685
8668
5335
1525
482
8338
3189
3293
6832
9635
5734
4153
10375
73
5696
364
3380
100
265
1127
315
1698
7917
1981
9774
6166
3532
840
1565
674
4601
5997
349
8616
9859
8712
360
5680
8082
941
1852
8820
9832
498
5888
8490
2018
909
9710
604
52
9282
3234
9909
9828
4120
2890
5978
5643
105
6048
4145
3519
9558
6669
562
8789
9008
213
1443
6280
8256
9829
1228
8960
2143
6235
943
4178
2500
4119
14
6805
333
966
9801
2138
10379
9728
8123
3764
7752
500
10407
1313
656
7393
685
1241
145
7907
7837
78
7254
7967
766
8382
2235
94
683
6750
1002
6840
4790
242
8041
9172
1033
9669
5180
8238
9757
2776
9823
8920
2670
1364
9286
4343
1555
9447
7162
564
5932
5950
1787
497
9652
1608
8053
8639
1150
2264
6786
7744
9079
4860
790
638
3575
839
6780
6637
1910
8088
3627
1370
1078
4658
6013
2318
1471
7332
9253
6944
6212
9666
486
1610
822
7737
3599
9940
8752
5101
6050
7667
6800
8192
5103
10229
5168
3501
8002
1936
6265
7341
2461
337
479
9066
1425
580
524
9960
4195
1168
927
1637
7541
4290
851
2847
588
477
203
2716
3816
793
2584
2347
4355
7648
8098
3831
2856
7082
9097
3239
4192
5953
7900
2136
1482
1044
88
5564
6427
5323
4763
3634
5351
9928
9273
8297
1284
1467
8699
2270
9400
1246
1748
9287
9588
1247
1988
5760
3561
7210
6953
6186
3651
3939
8329
175
10173
1656
399
10090
10178
624
4084
1263
1263
8416
8026
978
5194
5524
1125
4576
3643
2841
772
2616
2126
1085
4961
9963
2858
5514
4918
3454
7153
6774
8388
475
9082
4312
4974
491
7563
6695
738
7261
8781
9490
131
7930
9231
3162
511
4116
304
6459
7054
5740
2644
5228
8414
1346
1329
3353
2146
3816
4783
2014
2088
5594
6907
4757
6458
9105
2531
6765
6801
1023
1578
5718
6952
8159
816
2628
1200
333
9385
4492
1270
3459
7319
129
542
530
3020
1416
2365
2336
1669
5348
4473
3640
1332
782
1578
8962
7840
3190
10031
7453
5384
6124
782
5063
2964
6025
10083
4420
1759
8562
8708
36
7722
928
483
8979
8636
1525
6499
4770
3373
8157
3571
8393
1531
7661
1324
214
611
7187
1634
7870
488
9664
9325
1242
741
366
6567
9788
10185
8136
6389
2164
1528
4078
9895
10218
3409
5277
851
7278
6579
5807
8496
7073
4296
8165
8434
846
3302
1102
4989
5365
3466
1294
6872
1357
6033
3680
10168
4342
3205
6897
3421
3206
9811
5901
692
669
25
1759
525
3658
6802
1484
1883
6298
9575
4108
1430
9687
2125
6421
427
8069
2350
5558
2243
2556
1348
5555
922
1865
6729
5838
7191
9158
1923
545
4176
655
753
8619
1506
8118
4746
956
8589
7767
583
589
1287
6325
3785
2396
3416
465
5062
3866
8650
9848
10195
3001
1006
101
2750
6732
4465
9395
7370
1032
6056
1215
8864
1049
6979
559
8116
144
581
398
8145
2338
2269
2408
304
2335
2099
5239
5538
5538
565
600
7193
532
9117
1661
10294
8735
9240
1957
8993
621
3212
858
2089
619
5798
2478
5706
425
4758
2177
8577
598
766
4043
10146
7975
2162
6123
7566
9279
6727
1515
5317
1175
1789
1037
3209
7493
10292
1352
7531
7748
6177
6759
6816
9915
8640
3859
931
815
6020
6594
2923
263
3188
4870
8740
9050
754
8227
6245
8226
1063
1670
2686
2930
8946
770
1185
7715
5892
6133
9867
311
1832
571
5360
4338
8669
8637
3837
6497
921
759
10179
2740
5856
740
5478
9956
5695
7241
7579
1083
2400
192
4693
4022
6080
4461
5870
5366
1251
3142
6310
6044
1568
5546
2044
305
1310
1862
7923
10386
1878
2748
1591
2016
1112
4124
9083
450
3001
720
4157
891
4606
167
7046
5700
5865
1529
6289
10333
1102
5448
534
736
5287
10132
6220
1212
3163
2158
5852
8554
3628
804
111
1194
459
1136
558
7403
2939
2482
5373
9780
591
2716
1348
7181
330
486
5566
2311
7478
841
7017
10283
7893
1774
3461
2518
2601
2601
6799
2818
8724
9405
519
9272
867
10364
77
8939
2770
1496
2822
5681
10190
2664
9958
8728
7727
678
7182
461
5744
6974
2621
2157
2982
8904
8024
171
1889
2489
6249
9885
9459
8683
6530
9407
465
481
301
4979
5128
2226
253
6825
6586
8210
1682
7565
1876
2522
8303
4353
9241
142
8978
4850
9674
8698
7204
4911
4829
3092
362
7028
4377
8417
5408
8360
629
8936
8066
779
794
3632
10129
525
9445
9289
9137
2803
10052
4574
8720
1954
7580
599
1708
3513
8912
448
1459
9278
1521
5985
959
6403
6472
1397
1498
10302
76
8361
4555
71
5731
8430
1003
7510
3904
2160
9510
2791
4707
1024
3646
8055
2699
5264
6109
6831
2937
762
368
4730
8153
2079
8738
1063
4189
1590
1335
632
856
6237
6635
1140
8902
9029
1251
1398
6878
8741
5142
6432
299
3025
1197
4443
9689
3433
3019
587
845
4193
9906
1161
7888
7471
1721
6474
5072
5303
9673
9953
9264
6862
2638
1143
9035
1718
8655
7758
7646
746
6447
6200
2625
616
6218
516
4320
587
3407
8215
7654
9973
635
1427
7051
1526
539
2763
2861
8058
7520
6317
2250
4113
1276
5569
3725
8797
4214
6331
1231
2967
1399
9747
5387
9512
10263
429
950
4856
9684
6120
3263
7437
2159
514
9258
912
1081
1040
451
1842
8455
8875
4688
7142
269
1445
914
5434
1644
5374
8456
8709
9566
9456
8342
863
1355
9034
1487
9931
4208
971
2050
6588
836
3557
1493
10134
9136
234
8206
2368
3582
4049
740
5999
510
9620
576
2068
6973
8857
1227
1812
2423
2341
819
793
8124
4176
6670
414
2362
9448
7340
7759
8526
3455
3467
9521
999
206
224
7213
8444
5354
775
4301
1516
5884
121
4284
2301
55
4442
550
6549
982
10391
8542
10459
2014
9748
1869
5082
898
1291
1134
1477
8537
535
1603
9969
487
6399
2110
2560
7985
4614
96
5134
5977
3958
9912
2168
3831
6658
3717
5946
967
1193
3442
10295
6063
1378
7053
5866
526
8435
3651
7864
3798
6269
2303
7762
3441
2798
6058
10118
4889
8986
5900
8921
9009
7465
7675
9902
5869
4493
2046
361
7036
4654
2840
6734
6929
5689
6395
3511
8992
5737
4954
6367
6335
3860
386
9574
464
464
9648
7890
9692
3377
8036
8870
7245
7425
869
1282
3571
2700
10081
7174
3635
1788
9585
9468
2660
6991
2752
5154
271
1275
2868
3952
525
5752
5540
949
3722
987
9248
5018
108
4196
4318
7147
6656
10325
10053
5417
2452
2245
1932
1880
9615
7786
6486
9205
10050
2134
5714
8757
5842
10078
5743
8348
9146
1256
2538
8395
7826
7911
1782
3845
3167
986
10206
1494
4304
10461
9067
3367
990
8519
5242
9001
9144
8261
4110
6326
664
353
4401
9371
6387
8096
2604
1892
6064
9368
1141
1379
9505
8264
9665
566
7333
4858
9441
3869
4088
10182
5092
4474
2600
2742
1225
2922
527
540
9359
4110
7899
3065
803
174
4662
79
300
1989
7069
2643
6327
670
9851
561
9438
799
8500
7063
2672
189
10062
4298
5070
566
4970
4657
1085
6797
6370
6628
8727
8406
3553
8106
1624
488
1030
2764
5657
2034
9465
9052
4554
4485
2917
696
911
1249
8230
6303
3529
6118
6137
916
7339
1452
6536
1352
7836
8877
1890
8994
10156
1986
3178
7814
4580
765
203
155
10103
7540
8400
8008
4854
184
6473
4843
1226
9993
6627
2776
8935
39
10376
8074
5476
4677
5481
679
785
8351
7701
4741
1330
9393
8880
5482
905
2498
2661
6596
4200
1420
330
6649
4538
2094
1267
3790
4773
10240
5915
3542
7305
9413
1337
8557
9981
6449
7327
10067
3590
3691
4576
2945
8224
9916
498
10025
5534
10353
8404
5369
290
6382
8680
1599
1429
10336
4062
1395
7391
2057
1971
1641
3132
712
8025
440
3837
763
9285
8317
69
3585
8969
5200
10076
1289
7160
5269
8156
9091
10252
5453
5372
5539
8383
7632
2922
7882
9030
10253
9383
3607
53
5076
3436
3778
2154
2324
9967
8043
5164
193
10432
6205
6438
1754
77
1645
7738
549
9414
518
6754
9039
318
1325
2383
2751
10426
5119
6706
4525
9
6434
1513
105
339
7409
10046
2538
124
4632
5818
5024
9842
9301
1521
1197
539
3846
185
7317
4490
387
2448
321
7524
10094
1061
8899
10006
238
865
8807
5805
1212
3592
940
1646
237
3447
1031
775
6383
829
6207
9808
895
7582
6135
3358
5339
1760
8056
4333
7827
5820
7321
5216
2852
6085
6634
6757
3210
338
747
10164
4717
6294
6341
382
10344
1426
771
9496
5923
9559
5989
863
6246
6201
9075
2474
1263
7726
1454
345
6964
1225
7003
4881
6880
10404
1152
1110
2032
1689
1093
9951
271
1081
6585
4094
9844
608
1577
207
4348
1225
7331
1610
6106
107
1269
4446
300
832
7834
9304
3040
4254
532
2236
6292
6939
8881
7801
477
737
620
7129
357
7508
1976
1596
5114
9695
2429
6653
5258
10226
884
6442
3890
10438
166
1489
8695
7318
1254
9975
5166
6901
115
8343
7385
1846
7852
1635
10398
6812
5768
2816
4983
4531
9587
4068
9206
4424
6785
3920
1642
8262
7825
3781
9181
10180
4932
10096
8560
2696
2313
2708
1244
287
5466
1114
3332
1160
5811
110
9019
1126
6437
9246
3790
9908
9816
939
2901
793
4269
4980
4824
8142
493
6272
4434
3752
6673
4087
10122
6775
1271
8447
9601
8710
55
127
5497
5984
4738
187
5751
4277
10372
5518
1907
995
2960
8411
3751
9852
4674
7271
4907
9837
4206
6574
8466
6070
4602
6324
1413
8389
7296
8764
2469
10288
2436
3795
325
4851
3502
1970
9261
612
4852
7517
372
7952
7995
1381
1815
5015
3092
10339
5677
8340
2454
1950
9458
10249
1145
9295
1886
2274
546
157
3874
4915
10223
6338
10255
7936
547
1067
1696
8848
4951
9881
6870
4699
676
1904
7569
2462
3639
4222
4993
5784
10219
1813
6360
6167
406
6355
351
5281
9629
4939
6176
4646
6730
593
612
87
3693
3829
10293
1159
7516
8916
8744
157
5262
85
6460
7711
5171
4937
4718
5609
8219
3250
3030
67
366
3661
1210
2862
8083
1078
6949
467
5140
4893
4764
5190
8565
7208
718
773
2161
5403
5857
1383
1283
4357
6015
9284
652
3282
2139
7492
2229
6450
4356
802
824
6763
7320
4114
8770
3636
4713
9401
1665
5723
2617
2513
6343
1543
3199
9775
6768
8841
43
1187
3677
520
8827
1636
9046
1800
245
1160
5451
8842
9276
8642
5773
99
5610
1795
2849
585
8505
1197
6764
5665
3225
9323
547
7476
5422
175
5576
3119
4799
10366
3200
2892
2966
2559
349
1650
560
9081
6894
1358
2414
249
8613
6597
1102
7062
5941
5429
9418
2389
9250
3010
2890
4386
1769
579
1303
8835
4354
595
6208
577
3758
681
2034
7289
640
1530
8333
5890
8004
6242
4375
5121
3779
3134
3019
316
9937
2555
3061
849
4852
4187
9020
7710
2576
1702
1544
6022
6103
7070
1547
5534
9645
232
183
5100
7018
6660
10091
10029
9156
2166
7194
5637
5052
5379
7462
5687
188
8665
484
8598
236
2964
8494
3
1012
9463
5346
7662
2417
7603
6433
1225
1750
490
9327
5247
9901
7969
4047
1329
354
8237
4724
6821
8563
1409
5913
2244
5185
7800
4561
1398
74
5068
4832
701
8110
3885
867
4934
4479
404
3266
8236
5590
6961
1523
10363
7364
420
813
7522
2087
1716
705
1524
5124
7528
6556
5356
1701
190
6295
8529
1317
8377
2542
6333
10315
122
4069
6027
630
5006
8907
9759
10280
3291
1653
3930
10115
1367
2495
1312
9983
3380
9810
7407
7830
6697
7790
1240
833
9839
9557
8016
1868
341
2850
128
146
9391
6569
6323
4437
2995
386
6451
569
1640
1649
1635
691
1221
3669
3758
2526
483
1502
946
1728
1240
1478
884
4225
9311
5967
2214
4206
6353
9541
4093
7706
1049
4036
4928
9103
1625
4532
5282
7120
9838
10012
4341
991
7018
6616
7106
402
491
8323
458
4644
9222
182
713
1168
2191
5465
1719
981
1843
6417
3072
2265
6630
1692
3762
1201
1049
5993
9217
454
2490
2602
1603
5806
10117
1698
3469
8274
868
1459
7219
6175
5722
5925
4661
3940
2641
8440
5536
654
64
2973
123
6046
853
34
1959
358
1376
6261
483
9715
639
1478
7858
7422
6226
823
719
5990
9503
4745
8271
8574
251
8314
5392
9739
3967
1764
9175
3198
9056
9437
4188
2884
5914
2996
4708
2060
5832
1172
6213
2468
5184
7713
7008
5094
8364
8306
2531
6541
12
6038
4670
7688
3168
9168
9288
1152
6293
8397
4086
4395
2230
6209
6639
1313
41
582
8915
8302
534
7700
2693
4469
8824
978
7608
2515
8599
9637
3135
6721
168
6855
1238
269
4131
915
2757
6484
4637
4527
6925
2488
1994
4394
4764
1414
1947
2479
1657
7427
8408
8270
7490
8675
1293
1796
739
7411
4904
7379
10160
3838
3540
285
5858
1113
1981
1131
220
1354
1304
3916
123
676
156
6431
4052
1964
196
7822
728
3513
3503
1917
4272
1645
9533
7112
5141
4957
3857
6035
1256
5321
1019
2549
4542
2086
8245
7974
6740
6552
1497
6890
1005
6532
5034
7443
238
6385
7447
3608
2930
2300
2435
335
5286
10317
3570
810
1228
2347
569
7842
1704
4784
4996
1020
8051
3359
4421
8108
1646
1266
8344
5484
2358
9193
3330
1146
9944
4029
7449
297
2293
6420
1300
5627
1795
7349
4460
2465
850
6917
4952
8177
359
2820
6053
7258
6809
2095
2189
4221
855
3163
1799
108
5840
1924
5596
9539
3030
5292
3959
9430
8975
7498
5783
2385
8091
4484
4050
2793
844
1696
1256
2042
9805
634
1221
308
1937
8127
3982
1417
4912
5732
1003
3446
1216
4438
1931
1232
3396
2261
4061
106
7794
4454
926
4238
2682
5689
1537
1026
9348
6247
8448
519
4278
1170
9552
951
3764
1470
3638
5220
3058
2913
9018
7396
1672
8592
2956
5385
4116
735
2082
6376
1025
5095
2701
531
5996
5778
7178
539
1123
1169
3077
3262
3382
9245
2672
6318
7314
4847
417
2777
1006
2427
3941
8924
3889
9402
3603
4460
2598
1362
6674
6860
2269
1535
597
4190
225
8548
6804
5119
5485
1532
8010
10230
8391
593
1551
4455
3366
650
8706
1553
3310
1178
238
8235
191
1206
3230
8705
4346
5311
4141
707
73
10348
643
8702
5406
49
553
1268
1255
8488
5220
4923
5629
1570
7527
195
3871
5260
2371
2869
6110
7324
241
461
7861
8061
6306
3878
9250
3249
8929
8809
3414
9626
1285
7992
5350
7076
7499
4462
779
6017
4365
2104
10326
9442
1705
74
1466
3243
6191
3595
4672
2356
5424
2753
3314
2451
70
1873
4086
6264
4069
9827
4985
3802
8965
1423
3902
8794
9720
3968
2430
4818
2381
7512
3600
1884
3917
1331
1791
7315
2914
3770
5817
7242
8355
3289
3716
870
5275
9719
2549
1469
5774
7616
4754
391
9795
2456
1972
1009
1046
2369
8437
5626
8094
1248
1842
8149
10366
7482
1807
1786
393
3620
4463
1240
728
6426
9373
2550
1809
8803
1239
1405
5666
6496
1815
4620
5757
7669
1248
4833
965
5625
6169
181
589
513
8457
4918
3738
894
3020
1932
281
713
2632
8934
508
1358
1681
769
290
6739
3088
6440
4384
8507
4189
6666
9236
8851
10058
8908
1813
1317
7233
387
5280
1265
1613
6539
6314
3720
86
505
4714
4552
10141
114
39
9406
9174
4057
9886
8350
3535
1666
1075
8298
5521
3430
5009
250
3545
4800
3144
5563
5801
7237
4963
6336
7385
4418
9419
10176
3476
1968
608
337
1091
10035
1045
2946
2654
2552
2552
2661
8478
3727
6197
799
3955
10119
944
717
9653
535
870
7819
4408
1509
7377
8847
2541
5043
4543
1616
1956
179
9897
7760
35
9513
18
4751
9283
1043
1970
3589
6715
2629
224
5841
1998
4056
9798
1308
5938
8661
485
8985
9630
700
1073
1073
206
7502
6921
4540
568
2074
4243
4618
8622
8578
2919
3265
10102
6522
5315
6950
1697
3833
983
4135
613
596
4055
941
6793
7941
1871
6523
5007
1927
2512
7824
765
5341
703
103
3035
3611
1357
2242
380
1432
503
436
1735
1458
8113
2918
258
8729
902
2702
2520
4770
8933
5831
3451
6409
2575
463
9354
3903
9860
1453
4955
506
2031
851
8464
400
4364
6302
3754
6143
4326
1250
2992
8426
5557
3972
9850
3046
4639
6529
10455
711
6193
2677
7400
5636
770
8508
5205
4217
2902
5273
5654
709
1218
2248
7943
8777
1821
5364
9367
2824
3
1576
2162
2162
6214
4286
5431
3087
9818
7011
7143
3887
7576
918
5130
951
2384
4917
9712
1124
5651
8318
6171
862
4806
276
5462
134
2889
683
1721
2326
8483
6553
802
1971
9138
4711
4247
7334
537
799
923
1279
2083
8892
1593
5135
500
3126
217
5738
3202
7983
2299
6259
2993
3989
3468
831
1587
5110
1689
10303
6211
5916
4361
1451
5656
9670
6065
2441
4223
5276
6322
1259
2680
1864
1359
7047
3522
1198
3903
2165
2651
5407
7663
10043
2263
904
2152
3441
495
2069
4131
6232
1183
2399
2912
348
6992
4774
8810
2590
257
3101
6545
312
371
729
2826
2025
117
7660
8528
7134
9
3277
2763
4557
1151
5930
4368
7976
9840
8793
6257
2664
960
1938
6039
6915
1167
4863
3949
1845
2736
5647
1401
8556
8462
4947
3468
2967
8258
222
7369
2438
6617
6465
3039
9898
7904
10066
3290
3261
4046
2315
917
4176
7230
2273
2485
5214
6011
1865
5909
3508
4393
3840
987
6510
2891
8601
8185
1399
6602
4458
2761
2433
8977
3000
832
141
2143
5705
8465
5479
376
3458
5494
1344
7587
2409
3318
2802
5030
3784
9224
5101
8549
4932
2892
2706
6503
378
6190
8701
1176
3011
9092
1413
1673
49
3309
3648
9506
3107
5167
9139
3032
4337
2873
5789
2450
4136
890
3931
2548
4855
1051
536
1737
1247
5490
975
3952
10232
7621
3033
1753
2556
8564
7488
5340
2974
1121
7618
8410
9565
6199
7348
5458
7184
8191
9766
7588
316
3807
7439
578
1999
2757
9011
2969
1288
1386
1448
7404
1600
1232
5170
4520
8883
1419
4219
6657
7272
3022
357
7010
5922
9300
2961
756
9930
6481
6062
5338
4228
30
3248
4901
3205
8862
6762
9356
4665
8690
254
6871
8832
8785
1688
5470
3394
136
3055
604
9337
9743
5089
4122
3456
7440
1170
2168
3012
8
7212
977
3331
2506
3789
4236
2255
7226
1040
5600
5232
2032
1104
5171
7624
2089
8963
312
1463
4828
6601
1677
8634
9532
8808
892
3366
1103
6142
1759
4958
886
401
1276
3375
6052
4499
6642
900
2608
6502
5410
5218
1406
1406
797
5957
9738
7554
4192
319
9646
850
3007
8816
986
3129
4488
5336
570
1772
5793
7697
3118
6278
3406
2924
2462
1845
3089
5296
5658
2497
2588
4365
753
9922
470
6782
955
2700
4712
9054
5483
2131
8649
5333
7030
581
4733
2919
4237
8499
6134
1490
7381
3690
1122
3102
6978
3214
6652
1699
4263
549
2423
5304
5885
4218
9952
2811
4617
5927
7247
4292
7244
10228
5188
2766
9157
8373
6276
300
431
1632
1180
8704
6679
7496
1491
9751
3265
3150
710
2920
3573
3425
8392
2768
530
4121
594
7591
637
10072
10273
7860
5935
7159
1756
5525
4916
5726
3329
6830
5268
1421
8823
374
1856
848
130
3385
1333
7637
6128
262
621
392
2552
5845
1080
5898
3750
7410
5257
4194
1807
1097
3761
7894
5684
3065
2567
5349
3146
1028
3316
8485
2395
7342
1503
591
8550
2180
2259
4477
87
6114
1153
1146
1424
4859
4392
9196
1833
8201
4293
825
8196
6723
3947
1130
1921
124
2715
295
2288
3342
1505
4623
4072
1724
3870
456
2013
3069
1213
3190
2600
5138
5607
8681
6304
6121
4894
10131
126
1769
4207
5293
6009
6125
3891
1283
2729
3710
4088
2026
10200
2401
2602
4743
9508
1083
4031
1482
233
5240
7170
4898
6356
6164
153
3367
6412
5183
194
4297
8289
704
4666
835
2748
4411
1158
2259
3577
2465
5157
9185
8644
4610
3134
5939
339
5316
809
4037
3883
7664
2457
5983
1562
5065
5397
4226
7730
6089
2817
3488
10456
702
1483
1728
5889
6581
1046
2492
4539
3371
8046
1512
7778
10057
4466
1842
3897
1751
1214
8615
3927
10291
865
1746
1088
2759
9984
398
631
3334
6371
7959
3834
7205
10021
7167
4975
6945
9732
1021
2580
4725
3509
6007
2094
1806
5035
1882
367
3664
163
4442
3834
147
4250
6051
1800
662
3047
1986
9256
864
4100
9819
5414
10124
2358
672
4028
887
178
1718
5933
5177
2954
103
347
9561
6966
706
9883
5441
772
8143
5143
9579
585
8288
662
5144
5553
4741
4471
1016
3721
1619
846
16
4664
6132
968
10068
4571
780
4905
69
6349
8524
9347
900
373
5830
2196
3372
590
7117
1418
1663
7138
4603
3490
1090
2085
1886
93
956
5670
2043
1987
1763
163
4594
2764
3724
455
2553
4632
5086
8023
4885
6154
42
6032
6826
2804
683
6748
7139
6301
2758
3776
3211
8520
3587
5602
9317
2408
8671
1072
4595
368
1592
5634
10028
6731
6882
3130
4908
7118
3365
1479
2426
3045
287
1124
9130
706
2648
2648
3841
2874
5710
6236
5136
3124
3926
1238
684
2424
9597
9553
6716
8897
3316
8259
2117
5729
3084
17
3508
742
1766
1424
2886
5794
1218
9262
1592
10318
660
3225
210
3898
10028
603
5083
1742
2790
2278
1022
5615
976
5078
4977
5645
2927
7568
6725
5325
8957
5621
8442
1397
3443
6999
3095
5795
2607
8148
2086
10233
10301
6968
8664
346
8758
184
2768
1271
714
4919
2367
1532
4579
930
3078
1833
1383
1502
5419
8837
3326
3676
9107
5572
8715
2266
6366
6576
4948
1720
2308
2846
1270
8198
4083
8424
430
8012
6073
5148
4938
5520
4596
847
5460
6084
2975
6
905
5683
5628
854
8566
1158
4612
9500
6908
1492
9274
6321
7736
4021
4017
10392
6092
3688
3911
10204
454
10359
3512
1014
9004
2557
5127
1236
3605
2269
6194
1480
9422
5021
5548
668
370
2298
5852
1178
5361
733
311
3307
673
10285
3369
6508
3801
9900
2908
6824
7064
4534
4844
1089
3612
2256
4445
4087
6837
7274
7485
5041
1514
2225
7447
1094
2207
6000
6624
3402
572
9361
1227
8734
2631
3538
2058
3439
2182
5988
3832
726
3453
2181
3668
123
2763
1359
65
4314
5919
9309
1110
379
1491
1108
8195
3203
7095
509
3644
9911
3849
175
5249
3811
4864
3172
8543
3155
1450
3260
3821
5377
4170
1349
583
8334
2380
6537
1700
122
2317
1058
2943
1969
4836
2378
7729
2443
2532
2478
5058
4344
5102
3098
5567
1408
8718
9025
2396
2164
7285
2713
6354
1694
4362
2120
1119
4478
843
1802
1162
2797
2638
4768
1852
9974
6633
3275
329
2191
88
2473
7847
9334
168
10380
7832
9355
9386
979
10264
4679
1805
3702
118
9398
4130
972
10017
760
7495
3641
8240
2133
8938
563
2372
1061
10311
8676
9186
6810
1378
3718
2024
259
4605
3331
5912
2793
2100
3681
107
2180
1283
2900
5577
9605
191
3439
9033
7451
1722
2625
998
2984
922
987
1765
2368
10098
2097
159
3514
5302
1461
1967
744
6778
4295
233
2884
414
3988
4406
3490
1423
4503
5593
377
37
965
254
3421
4669
2479
2101
977
1504
16
757
8179
816
9333
1070
9453
1055
5827
5412
3915
1903
5656
1973
758
5404
3655
3025
885
1342
4812
1050
5489
7581
3627
3520
5396
204
943
536
8836
7450
10352
667
4158
1758
5447
2444
2850
4813
751
7818
6694
734
4641
8446
9740
52
4991
1187
5753
2316
2732
2874
259
1579
2691
2883
162
4573
6072
801
2772
4041
3536
7534
7687
1036
778
2120
3389
469
1513
7932
1096
2220
78
9043
6052
8401
8895
114
1705
231
2417
245
3488
682
3964
3712
2505
3548
5038
1497
3374
5655
2989
1727
841
4423
6689
681
4710
575
618
2000
1390
4090
5362
2285
57
4652
1968
8930
6988
7196
3646
940
5691
902
5160
921
5153
4369
2223
1720
1855
2533
3148
4744
2085
2907
5580
4729
6234
673
3364
911
1634
6561
2952
2137
4082
3414
2823
509
10075
4732
4422
7144
6575
6352
6922
1001
9292
1096
1356
7108
3753
7002
7087
4696
5132
3125
1785
10300
4101
1822
7515
5630
8287
8433
1363
8829
4814
7127
2854
3971
1765
2857
61
1620
10381
524
873
9536
3132
796
5750
5078
4523
7094
2059
881
4698
6480
7896
2640
8474
5313
9012
3703
6219
1687
1396
655
5501
410
1197
5828
8384
1065
6803
7293
1774
6562
5248
6714
4505
1065
2234
1618
3960
4685
5881
329
2817
837
8670
1610
1127
9606
324
3003
689
7914
5618
4037
2178
2020
3229
1182
6573
4003
4335
197
220
4232
750
826
1036
1377
5086
6843
6392
6646
4111
7416
2610
2012
8409
437
7650
2498
385
4206
2482
6728
6136
811
261
363
9685
4303
822
8260
1055
4121
3168
4162
3816
340
9660
3616
5464
2469
8652
7804
5787
5297
9675
9624
305
10304
1305
1192
8719
2084
4556
2038
537
3411
166
752
1406
5186
1752
2090
1224
6108
3852
7989
1380
268
4309
4440
3312
251
2773
3434
405
2880
2808
2193
1437
999
3071
2716
2716
100
1957
571
112
6946
1710
1860
419
4874
288
10188
9177
1012
10065
6959
3864
9122
2965
3931
764
7725
1008
6784
216
395
1440
691
4242
964
7525
3868
1707
3273
7240
444
8662
2837
7239
1243
1508
3508
5824
682
3549
1441
2595
5970
2828
3027
6
10450
4933
4358
8265
10346
7417
2310
4209
92
2446
1722
304
9701
3994
334
8186
3604
1900
2055
1325
10210
4949
9935
7089
5523
3154
403
2362
8275
5859
5534
331
283
1933
2341
1264
1799
607
448
3799
6094
5791
1412
8161
3049
9076
915
5231
1641
2448
3281
8431
4330
1462
4003
4616
4336
1530
288
7220
8253
4925
8553
4888
1120
5376
10060
3398
3330
5182
5606
9188
5986
1211
270
2581
7096
2649
2649
2780
317
8541
9878
4005
8937
10007
8432
1584
7733
8856
442
5155
450
4449
5544
10205
7961
4218
4276
4967
1817
4378
6023
5894
38
5073
3018
3672
1332
6115
9265
5411
693
1223
2688
2669
195
4597
3945
2200
3412
2370
6494
51
4608
1684
2942
10217
2188
6580
477
5109
1831
2455
3485
8656
10111
8872
5357
6589
4815
1760
2065
58
8745
8071
1428
8003
3656
71
710
4025
2854
5573
1040
2683
2435
7392
3321
3492
302
9472
3896
5516
2678
374
7158
3991
7876
5169
917
371
9563
7470
3233
251
3080
2766
4398
6876
2138
5371
7880
9943
6003
10323
1470
1303
212
3208
4316
717
411
4282
1921
4376
5271
97
4721
6113
2454
2277
1476
232
2796
65
9409
4658
9750
10011
764
2580
3496
5868
7026
5509
695
391
1182
5156
8070
2460
1059
2565
3953
6119
851
694
4619
4413
8783
4345
1920
5871
5776
2146
7027
7538
8516
266
4819
4823
4782
2706
9882
7622
9297
9546
7994
4373
4306
5172
2211
8180
5181
4006
215
1999
8646
4937
1851
475
807
2193
7868
1004
995
6948
3410
2915
7146
6957
942
1653
1425
283
7198
4496
4548
190
3809
433
5930
6489
2254
9476
2894
2282
817
4001
4200
3872
2604
3749
6421
2384
3502
2674
3116
1454
390
3925
4736
2172
6507
276
8506
3726
5543
3209
954
3934
6002
4495
10254
1644
9096
9598
4396
822
2573
7781
8736
7913
10423
1513
6906
148
1312
1032
5161
1406
2337
442
4457
5833
409
1902
7802
4204
5230
1992
7197
301
3998
3818
3089
4626
7217
1416
84
2103
6705
431
1208
1268
997
8782
2904
41
2002
1685
10454
6688
3246
708
7696
2553
5179
9948
4921
6981
7927
10358
2503
1052
9656
1139
1269
2332
4148
4404
291
1132
2407
4475
3248
10039
2083
7306
10018
6593
5727
2223
716
6140
6776
2687
1067
9977
2994
5624
6603
4727
2027
8122
7163
1387
5040
3234
7290
3350
2286
4060
2889
5196
1229
7388
3253
1310
2133
7766
2451
3280
5891
2670
2542
2966
4545
1778
496
5071
1198
1802
6392
2050
1295
4822
7892
3901
3666
9562
2335
3809
4561
809
8313
1062
3767
1122
2963
5975
1534
5083
5759
8886
1034
720
403
2979
10203
7276
4367
2806
4220
934
8854
2221
4030
819
4742
953
341
4435
5196
296
9408
5014
576
4007
9854
5728
1810
132
5070
2118
7712
5535
5022
2825
5799
9410
35
6568
4960
2926
2128
5515
7816
5617
2190
1994
548
4500
3354
2812
6621
6984
8
5586
6097
3894
615
5067
1783
4830
2284
364
3635
8019
3930
9010
5893
9618
1245
1622
1897
1250
145
7671
4869
3734
6452
4129
6521
5886
3739
3560
160
8743
5918
4691
8121
653
848
1031
3367
4873
9084
60
3598
4635
1186
7291
351
5558
2921
2187
777
291
3757
5597
2652
215
9700
2642
4073
3226
9964
425
3050
9594
3531
8085
3786
9907
1615
4718
6338
9970
5400
3566
6300
10439
6820
7101
3793
5384
3581
7799
4334
2402
4731
8020
2863
5498
9545
3418
1786
1278
3077
5011
2061
3504
5427
4945
4504
3050
2511
649
2027
2858
3052
4003
7875
3279
8987
5800
474
4530
1330
2595
874
666
2927
5633
705
2615
9767
1830
1242
879
3044
4183
9336
3184
1258
4257
2076
2741
9919
57
278
7497
8866
5060
2550
8001
4886
746
3040
61
5036
4522
446
317
1926
10092
1460
3029
1057
1346
529
6155
1517
347
7517
5652
5748
1472
83
1302
6457
1430
4867
2183
5442
4778
1819
7401
90
1741
3034
190
4415
4071
1872
4380
918
5033
1677
2639
4804
875
546
4150
4920
5003
5397
6078
4809
1010
9864
3671
6255
8518
5699
10114
3260
9520
1710
2517
3835
406
2778
1694
5976
2633
2591
2355
1587
1737
2073
1879
3506
5020
7131
6787
2436
807
384
2939
10422
1420
946
2490
7751
1827
6558
852
2366
2488
571
1338
2620
1423
507
5005
1755
8068
754
4388
4480
1208
2209
4052
1233
4906
1099
1048
2418
7431
8269
3199
4006
3796
4117
2350
2158
2332
4695
3247
6819
8266
5719
1657
7161
971
3105
1204
901
2494
1336
8402
659
5000
5432
180
2705
3830
3586
8552
5059
3673
4796
4024
5154
7777
3788
214
401
3421
3301
1594
7
1585
2722
5433
5690
1243
6737
882
2305
6650
3980
6543
4968
4831
712
2864
4381
6733
223
337
9875
177
7418
7021
3472
1349
3619
929
6677
551
1246
7387
361
3659
8052
2237
1379
7308
4897
2379
10310
4137
5742
2220
4940
5712
3732
4236
2746
1602
670
747
5106
8825
4227
3813
5359
2212
6619
6034
1098
6516
7304
327
2909
743
4835
7828
3985
6156
6380
755
3957
1393
7509
1877
2832
1504
10418
6989
5077
415
656
1316
963
1306
2516
3701
1504
4642
152
1906
483
7570
1456
5786
5572
761
8194
8208
9184
205
6571
1584
6027
2605
4264
6149
3083
1116
9749
1469
712
401
9932
6481
4428
7128
2276
2088
6698
8182
5016
3440
788
10299
9607
2844
5002
5146
3320
4201
4640
7487
658
332
6231
4230
485
1307
4671
1183
9296
88
5968
3900
633
1103
2561
4210
4648
549
2341
5683
421
5631
6346
4810
2758
1938
501
1199
5158
1747
7265
6153
5477
661
7610
861
3397
1632
3617
4897
8913
9182
2718
901
6436
1892
5809
4169
1526
1708
1000
9328
1641
2345
6376
909
669
9519
1675
9411
1918
3836
4520
1208
1619
3556
610
4080
4026
9480
7628
321
2428
2613
2159
3121
1186
911
10113
6540
8513
5877
717
1796
299
3158
3558
40
5603
6122
9263
1528
5439
125
4459
1237
2102
245
4978
4351
222
4811
1637
1514
10172
6425
2598
3626
4807
3417
4797
4036
8290
7009
2063
5559
994
1177
10275
4689
2783
476
153
8964
1511
395
253
4976
10365
2714
4709
4910
2876
2
2673
2103
2232
3218
3370
8109
3888
9059
4249
7546
2934
861
380
1893
139
316
6869
7414
210
5755
756
903
5208
1639
6807
1627
5522
9068
4541
3206
1680
5207
726
801
2212
6905
1787
1943
1785
3728
7353
1563
2911
6049
5386
4399
929
10428
342
2767
2218
3699
4181
5863
1816
7180
4969
3260
862
2982
5063
4029
6864
4849
4551
2668
5213
110
2397
8207
3956
4869
505
1904
466
1488
7228
2229
6512
895
8089
1881
3815
2327
4144
4755
4450
4568
957
10139
4569
910
2761
7176
312
3300
3082
1524
4092
2622
6072
335
5491
1550
1974
3294
2614
2544
5467
336
5050
7817
6172
4430
873
9706
318
6077
2711
1119
2470
209
3099
1940
4412
7148
3082
1005
7908
1640
6375
7102
2453
3913
6587
648
1683
1464
1880
5189
739
6578
10453
2103
4011
4409
4031
4734
5199
3899
10196
5343
36
3462
5503
5111
6980
4134
1410
6544
5187
1457
5604
3155
5057
5721
1220
5623
1159
1714
783
2578
4060
3360
5093
1095
2210
4408
4311
355
8307
1314
1107
5430
9364
8014
4180
1839
5220
489
1771
2344
1234
319
9314
8641
1437
988
7657
4842
81
2740
3288
3311
1173
100
2153
8504
1401
3580
1851
4148
3810
618
1629
8232
3013
2166
1264
618
1674
2458
3925
3464
1105
5427
2833
3421
1377
5669
4032
6282
1670
375
2404
6362
4234
3140
579
5797
6372
3294
1147
3760
3323
23
307
3866
1029
4899
1462
7972
3534
976
877
1899
3324
6738
5438
863
302
7109
3183
1683
8193
1894
3937
2379
3722
2865
197
4825
6691
178
2430
1396
4448
1703
8248
3568
1955
1115
2754
7861
211
3429
394
5720
3768
2710
9796
9041
252
1804
4058
5191
4103
2001
3044
904
4706
5579
375
317
3618
98
75
3356
8746
1959
1526
292
2401
3511
4109
688
977
886
9537
6542
6062
7928
5091
1058
446
1896
2496
955
1220
5004
2686
8595
365
270
4700
3942
17
7651
5115
2722
5474
709
4719
2697
9412
6131
2561
2154
6441
4793
1499
6189
4667
3391
3170
2432
3836
9677
1942
4168
2001
1933
84
327
4403
1601
4791
5401
1706
3210
58
6941
6388
4123
2127
6900
2289
9534
892
1669
2342
7481
3482
3783
2561
3494
3228
7708
4663
3906
1128
2847
4222
2370
5244
2747
3817
7584
3915
470
8042
1062
1437
192
3227
5198
1227
8173
5747
9603
8114
657
2328
1181
2030
2510
3631
5079
312
2493
7542
143
1881
5902
2984
5344
1255
3213
1091
8280
2295
8817
5342
7125
4779
1906
3041
3662
9525
2944
6683
5601
2841
1080
1080
359
2155
6329
2871
2466
6364
295
5181
5226
4319
2558
1581
5614
3746
4265
1356
6828
3167
7852
3681
6505
2960
295
2594
3951
3877
2179
55
3695
2251
4254
4621
3094
1995
5725
310
392
8032
6758
2698
1157
559
1390
2563
2879
1736
8784
2896
526
545
7412
2037
5306
3409
8241
3825
517
2839
1484
208
2805
723
4308
5039
3828
8140
3961
6412
1966
2095
2977
8080
1408
4055
9778
5822
2899
8742
2011
1897
2667
2118
4884
3820
5457
3475
2576
2179
1606
9069
1393
2813
9976
1495
4333
8352
1704
5012
9985
7012
2004
5850
1175
2304
2723
5507
2866
2253
5512
2587
5441
3473
5632
1388
5711
881
7043
5173
6744
4821
4776
1686
989
5792
8868
4584
3351
778
2802
3088
384
2437
1524
5139
811
4837
4349
969
969
2716
4372
568
3172
597
4789
2591
2609
5988
6577
5797
1965
1483
2078
3894
5089
3711
647
2339
3066
8176
22
4636
3836
2136
4246
8682
6350
5220
2938
5796
4069
3377
4425
9887
1165
3521
6684
7350
6515
8349
5724
72
9154
663
10077
1807
6042
7389
4964
6902
1844
618
4015
2543
5162
5133
2371
3208
4910
5733
4350
36
4022
292
2009
2838
2369
30
626
2635
5149
1602
4020
2919
5561
4456
387
2645
1278
2474
6028
2571
4577
554
7780
4651
3699
1455
1395
4802
5203
289
9312
1431
1912
2812
1589
4275
8281
4143
2653
7034
1900
663
257
1499
348
8162
9319
5929
4762
1425
6138
2066
4310
2814
7698
4079
1161
6685
2739
2081
4931
10130
1658
9578
33
7432
3537
1889
3950
5777
4537
6570
3683
1175
426
7857
512
3910
155
6693
3056
808
4464
7617
5537
1655
1407
703
2377
857
2765
4984
4244
6663
1918
1855
1662
7643
1589
7322
2059
8048
4834
3821
2233
4679
376
7429
9884
4160
2330
2203
3076
8064
4608
1033
2953
2104
2703
4654
4643
773
4701
6411
2852
1297
307
7602
9090
1529
382
4982
2247
1392
3067
7266
1120
199
8722
512
8111
9195
2519
5195
1353
6241
5375
5862
8135
5874
5399
3809
4986
2998
552
10225
3912
2738
1673
2022
3650
5124
524
2137
8130
9702
4583
2865
4339
1099
923
5176
1273
4370
6584
1133
6933
2512
10174
6557
521
7337
5673
2013
1990
5876
306
2365
4653
499
1318
7216
6682
734
5670
9501
676
4794
6506
9547
383
9947
5108
454
4950
1960
6258
9428
2506
6613
5255
4987
1985
4753
4761
394
3510
4097
219
4558
8627
7871
2676
7380
618
396
5550
279
7964
5313
6084
1015
2501
4826
4604
10328
7808
7099
4359
5878
2666
4096
2297
2548
5345
1505
2416
1056
7374
1731
3355
235
4352
7141
2170
1630
5178
1001
4946
2719
2589
5031
262
5690
8112
2098
6550
158
3445
180
1735
1252
791
4501
735
6937
9321
3270
5212
564
3929
6844
5920
5446
679
4631
2961
3637
4586
1317
5552
3053
4926
1042
5785
10259
8038
2655
5051
3358
3055
1535
10286
4
1362
2525
1956
2270
3304
2139
1450
2987
6152
1948
4650
557
7
2728
1354
2816
4625
3379
4590
4513
3347
4550
959
46
1874
1476
917
853
5821
4070
722
2187
2231
8374
1695
7723
7360
2970
2792
2360
7376
1552
3812
4858
1835
6954
4560
1188
4008
9108
3429
620
3380
5074
1919
4973
1195
3890
2860
4660
1570
4702
4592
4846
4080
2433
4765
1702
3829
3186
865
4659
1172
4266
3021
2434
5085
1478
10089
3244
2062
5202
3714
5736
8822
1572
4098
1445
5019
4302
860
6351
5860
5469
2724
4009
7735
9965
1512
8380
4759
5056
1128
528
6448
924
3028
558
3313
1659
472
2988
4740
1192
193
344
5001
173
7150
6060
438
1734
3731
6090
4780
6700
1450
5538
4627
7679
6179
9997
5667
614
363
3137
1958
1840
3905
7110
2507
4521
4281
2141
3362
4467
5973
2292
2174
4000
2249
838
5163
3766
469
1138
4329
3647
8567
10244
4366
1375
2717
1405
3110
5329
6722
4767
6029
1141
449
4850
282
794
2697
7973
3892
1096
1431
4197
350
1518
5620
2534
6972
2958
4172
5147
1069
4913
3700
2432
1226
8174
3705
7450
6071
2010
4198
3996
209
3443
1926
1319
3796
8304
2516
1699
3351
9358
1953
948
2100
4752
1870
1947
6230
2836
7188
4787
3138
3551
5046
2364
1288
1555
270
151
4737
1403
4713
1596
379
3886
150
5305
1163
5353
6839
1591
1165
503
282
1545
1768
62
6202
3555
148
5084
973
5190
4023
1941
1100
555
4441
7338
1731
4512
3194
5083
6004
4747
7694
9791
7249
1530
2027
3267
2452
3797
4075
4313
7000
2834
524
2036
1068
443
4175
458
107
3305
1135
4536
1166
3477
6365
7080
2623
7949
9529
3489
8319
691
3608
2394
4558
5587
3181
2346
3419
6088
4943
2554
1112
5511
1878
3527
221
2546
715
1906
2238
3851
2200
62
5352
3186
2788
36
2266
354
2920
8081
2938
5289
5395
5895
4874
4728
2071
4673
388
5025
8998
5679
7627
1976
3992
1415
8497
5381
2649
4816
1309
1471
3791
6770
457
2486
3670
1823
8175
1929
1856
769
1605
733
50
50
1783
3928
1595
502
6415
3605
6690
4535
3187
1831
1742
4324
4107
1423
7718
9432
968
338
6511
4735
147
1385
3969
8600
2403
690
1990
4202
2646
4147
3819
635
675
4941
7996
6796
2709
4178
2481
1169
4397
6274
1581
5517
5080
6798
3803
4332
4990
7281
91
8239
3641
4235
483
343
2931
52
6818
5077
4259
3352
1280
2276
2424
1765
7452
7042
3411
3622
1300
2834
2386
1224
267
796
2770
5815
2851
320
9754
22
3494
4153
9179
2928
125
153
172
2647
7693
3449
640
777
3328
3097
6066
1949
2041
2391
9866
2607
7968
2742
2334
5611
3752
4992
888
6675
908
10274
7642
3708
4971
5814
7539
1713
9543
1915
2366
980
10424
4704
2756
2985
4118
3114
5961
2861
2630
357
8463
1812
2087
84
230
3944
5326
4439
2036
2883
4236
10248
3349
2109
1679
5588
8129
2651
3390
3562
1887
543
3386
4801
1844
8164
2594
1441
8590
2556
8369
296
4827
6014
6976
3272
3117
5114
1723
838
2830
5452
4229
2573
212
1416
7200
9991
3278
2749
2176
2799
3826
6451
514
2357
5150
246
9801
5486
443
8059
4327
44
8267
265
1511
4649
1495
2106
4692
5252
6407
1306
6311
2574
7955
671
1798
9998
1029
1468
2302
3892
7526
8853
6501
680
3572
5904
2103
4887
7309
546
3822
961
4067
1949
4988
694
2081
6378
9740
10309
3742
6471
3684
3002
139
6850
7255
4705
4173
1145
4472
967
2992
3405
2309
8766
3465
5843
4572
1296
4837
6181
3665
2170
7947
2937
3668
2584
781
7957
3694
4054
7728
296
8380
2919
3563
464
2274
25
3660
5487
6147
10151
245
8282
3231
750
67
1842
5090
2203
2429
1648
3299
1201
3357
5270
2760
651
2053
2504
4283
2170
1832
3645
5782
814
4769
969
803
146
4433
6789
2023
3632
3930
1137
1908
3295
1882
2547
2925
7877
201
3976
2403
2215
5463
1373
1625
2375
444
7015
2026
1418
8658
1327
1648
4212
3014
3932
1609
473
3484
1628
1996
7784
1792
6595
1179
3882
1580
2116
6622
3058
394
3487
360
4267
5197
4056
2209
314
5802
5926
7872
6060
7906
3874
3966
2870
8132
2684
2204
2215
1609
5227
1928
2216
8209
5436
6866
6378
4291
7681
4102
1370
388
2008
2318
4930
5668
6514
5153
5087
2340
1662
1447
248
6091
7018
2537
2011
607
10056
1695
6955
823
1371
7639
2321
5911
3640
139
2470
4081
1298
1958
2114
3062
4865
3223
2245
3096
10460
1804
2581
2587
389
8030
158
2873
9760
8134
2771
8538
4750
9363
241
6226
5440
468
4436
4217
1974
3031
2493
2954
3886
4977
316
1755
3899
4064
6900
4845
2132
5907
255
5527
3455
44
3768
2827
3754
1467
4624
379
2729
3787
2373
5211
2579
209
2945
2068
998
4468
2339
1089
5055
5300
5986
5047
2800
7866
845
9125
3491
539
3709
3970
4325
1271
2782
1326
3577
392
3100
4521
9564
4340
23
4065
9176
412
786
9877
3809
3856
2463
2936
2720
1146
2569
4953
7321
8231
4417
7535
5049
4262
996
8421
2652
5876
2387
3747
4288
7564
3470
9522
1676
6928
6173
7398
936
33
1203
3953
3024
1914
1706
1056
685
3264
3820
1872
2338
4027
5879
198
9209
1757
5565
6755
792
3569
2297
96
2235
3381
5067
2957
8278
209
2833
745
1193
3773
2264
2806
4132
2484
2213
3378
3235
2665
2422
3074
2505
7123
5027
3408
2949
3222
231
3478
1697
3521
2067
2483
2675
722
3362
6156
4997
1631
55
2821
2514
239
824
8804
6254
4391
2644
6940
297
4294
1171
5330
2447
4683
1761
4571
3298
4033
3167
8330
4509
5023
412
5962
812
3987
7843
5612
3384
2614
9094
968
1516
3946
3151
2733
430
7151
6899
6283
3106
1652
6853
7614
202
3588
3480
1672
542
1709
636
1573
3763
4959
3909
1533
4156
3574
3653
1756
1764
2750
3902
2306
1614
6180
1237
8765
1671
480
4630
1828
4364
3676
1118
751
4402
4929
356
4591
3606
2052
1558
7157
4426
1066
2284
732
2389
6509
3965
2441
3452
3908
132
4547
791
171
7186
7562
632
2102
1343
2715
3995
4285
2022
5136
1557
6583
6284
2940
4400
1692
1472
912
1147
850
3850
1513
1316
1465
1626
6185
8183
2999
3707
4330
749
3919
9163
4773
8005
381
9024
2225
4956
1227
2325
2310
3773
1538
4861
1872
2842
9151
3544
3400
131
546
1298
830
1029
2061
2303
5032
5472
1007
272
3215
622
4140
5929
4416
2066
4515
2092
2388
5528
697
3257
4258
560
3274
6174
2431
4962
3137
2192
4248
78
3436
2173
205
2331
4781
1379
1879
3322
5236
4716
4589
1997
5238
2033
741
4410
3103
4374
81
6007
1955
4014
2020
383
3715
4896
1123
2208
3975
3474
2822
2545
10157
1903
2267
5779
3424
597
1758
1490
3732
122
4726
6931
4577
9702
4199
1841
1277
1090
4854
3191
953
5
1945
5104
4723
1273
4482
1560
10203
974
5225
645
631
1145
5908
6130
2537
1870
1217
1459
5152
1254
1440
2606
657
3236
5175
4957
2914
2349
1972
6747
2082
2591
721
7383
2701
4494
7179
4481
4526
190
1444
3984
3525
5253
9318
5948
6836
8233
4076
4966
452
7294
479
2221
2354
3185
4868
3827
4942
292
3687
1253
3451
9154
7384
1235
3387
1334
4768
2981
702
4866
1660
4441
2254
5903
1439
1597
1818
1457
3450
759
3282
137
9152
5028
2149
1578
10086
3437
925
5174
1292
5224
2599
1716
2657
5126
830
3231
350
5616
9038
2637
4668
2461
2704
1685
1520
2785
1111
2415
4362
5113
3947
7084
4803
519
6792
1559
9540
3031
1238
211
2462
5766
780
9475
6422
741
2201
1493
2353
1182
7609
3691
1323
4200
1801
5215
4155
780
1334
776
3772
1022
5061
7100
7644
3005
5145
4880
7850
270
5037
7252
5924
2897
2413
5069
9524
7860
7372
3997
908
2077
10446
404
1907
1989
2255
7474
2680
1414
3814
2787
3420
2787
3081
3547
4371
4077
9718
602
645
691
925
343
17
4447
1575
2406
1820
5701
6299
2844
7754
1982
2349
1685
201
561
4091
2006
3365
544
4420
1643
1641
1413
6417
223
1072
3696
4328
2307
1704
3630
2905
1502
2688
3597
3286
2282
1048
1739
163
3625
7848
4570
1623
2222
3839
3589
7747
3819
3060
2810
875
4268
616
2198
293
3213
4902
6963
10150
2650
5165
3986
3252
2319
3091
740
5278
2663
7222
7905
2690
2789
2679
4622
1522
2064
5077
2412
1777
4607
3654
5097
636
3577
4401
3469
2458
4882
3174
7164
1429
8716
285
7466
489
790
3341
2036
2605
3291
2170
8980
38
3861
1180
6916
5734
4460
129
2313
2617
586
1732
5763
3592
4935
3771
86
208
2163
3164
7647
4211
5388
776
345
3497
642
1252
596
2514
649
857
705
1679
123
2180
2744
3201
1726
3042
2806
5764
4513
3008
6148
6054
1457
3062
2636
7594
899
2734
1084
1820
2707
1429
9153
4562
956
10080
1224
2611
4703
6563
385
2194
1493
5562
4046
5125
5608
2329
7048
4077
4872
1323
3187
487
1537
2900
4861
4414
934
7732
3704
2314
5269
4775
6858
454
2173
3122
1053
10
4516
2784
5054
1017
958
1935
2194
3977
8366
1036
2997
3479
3054
2012
1559
2156
421
965
2390
2731
6478
3160
6498
5640
1072
5571
1468
4324
7638
8133
3907
2760
8140
7649
4720
1443
4798
3400
3756
5846
3136
45
84
422
2815
1558
2092
8635
1670
4678
2509
837
5254
1668
4593
4546
1398
1209
3629
5704
947
573
4163
4680
8512
2626
2104
2008
5189
984
1838
1597
3854
6856
6554
1341
3481
7453
4722
3853
1726
3924
6315
1857
1435
3255
264
8090
3128
5706
453
3730
1485
6704
4182
8254
780
2272
2618
1289
1289
1922
820
872
1707
1960
1904
3863
1767
5437
1292
2801
1850
2291
2914
176
883
146
2612
5105
191
453
4876
310
1140
4820
1858
2787
2527
3217
1979
647
1574
3426
636
8427
2376
1210
4491
3698
266
1528
3268
943
3600
4567
3150
3327
2996
7256
28
4995
3250
4279
3621
4042
981
3953
4697
1442
4511
1057
3111
2839
2839
8337
3197
2650
140
2499
2206
7390
1106
2596
1123
6127
2228
3800
1479
496
4044
5583
3782
428
1461
8544
2224
178
3895
343
4128
7548
399
3804
1392
3607
427
2304
1749
4238
1215
784
2689
1732
419
3797
4241
6312
1366
4095
3077
6609
2169
9178
1765
5107
1157
1415
10230
1166
1685
3283
4390
6482
3057
8327
9376
649
1111
1188
359
1540
123
2737
1849
1940
5390
1768
3566
1697
2698
3435
632
4297
6216
1684
4256
1074
2084
4578
3652
1896
3465
1552
3036
2107
4553
2185
4273
4524
1570
2933
3131
318
2893
2413
523
3923
2597
2197
2756
5151
2759
119
609
3505
5323
7090
4419
2425
557
1361
584
1382
1784
4874
924
2626
3256
5524
1877
4355
2075
343
5635
1070
1905
6007
2151
3062
2628
4106
7530
1100
2751
2226
7953
246
321
10080
2718
7891
2988
2681
2729
1164
6735
5090
3285
2784
205
771
433
1604
1360
6384
7223
3978
5808
2042
7507
3557
2054
7005
3186
707
4559
5994
4615
3382
5506
4236
4514
3337
4266
4687
1053
2585
184
3688
3483
1779
731
463
7996
4829
2377
1887
373
2028
8428
1090
462
2899
1791
5223
840
235
954
28
691
3346
5678
1066
2921
5779
5692
198
9249
9016
1054
792
4909
6181
4038
14
3115
4383
1447
4604
4126
4453
2566
2493
5026
7042
5048
3162
5064
3066
3435
2990
3308
4493
51
2005
2539
609
2258
8155
3062
3396
6927
2565
1434
5210
4451
568
3344
2320
6546
3794
3069
4152
2895
711
2795
2425
3127
2692
4151
2249
4786
47
1464
2867
5129
5730
1163
7551
4992
4166
860
5217
5053
4647
4427
2007
4115
5756
830
6071
5591
2502
4287
2010
1761
3388
1980
6611
4808
1003
4012
2910
92
1376
4331
1195
2837
3330
4382
3217
2769
2129
2774
5428
7886
2866
1541
2937
2808
4965
904
2572
1883
4146
1642
2025
6004
3862
7264
9355
1416
3460
327
2533
6424
524
1105
2613
10420
4051
4195
2511
4518
6031
2467
5574
4715
5042
5017
2062
6868
1459
3973
9464
2809
4848
2171
7232
5735
2362
2910
4323
5295
1392
2708
4853
6738
3723
215
8097
3642
2304
2003
3935
1950
3182
585
1444
3292
2779
3724
3524
439
2067
1691
2150
2360
1966
6829
8635
3254
4203
4871
3593
7586
843
4324
2315
2868
2986
4428
1820
7263
4487
8662
834
659
3780
2626
2882
4148
1554
4379
1546
3448
6424
154
6919
2165
644
46
1595
4766
3123
4788
7853
3578
6766
4289
4321
2054
6349
3054
8445
2867
5191
8514
95
3997
4611
2393
1447
938
1202
1361
3024
598
5546
5029
6225
2487
2423
4019
2252
1377
2405
5757
5298
56
190
2530
4300
2206
1151
3579
3209
2352
5192
2274
4838
3792
4872
4765
240
1961
1490
5219
2794
1838
241
2016
2805
3951
3224
3150
3899
2882
820
5810
125
2585
984
1667
3818
7879
642
414
5066
1383
5492
3257
3004
2508
6378
1368
3933
3628
2830
399
3017
396
5529
1347
4841
3759
3658
428
2219
6184
202
7510
1963
1889
2093
1190
2111
5547
1446
4161
1741
633
4649
4213
1051
3824
3517
2652
474
6808
1705
3270
4749
218
3748
505
5044
4792
2885
7025
6892
4185
5421
2428
2310
2424
3942
2971
841
1407
3943
343
1211
8418
2668
5592
1901
6896
7859
2540
4012
239
2005
1539
4142
1561
3029
974
6470
154
1453
3347
385
3508
7026
7784
6872
2795
3180
8005
2459
5306
1392
209
1669
5105
4675
2941
517
7537
2601
2437
4681
1064
7042
1695
2626
2404
4899
1558
3999
2829
2087
5717
4191
774
4900
4883
4159
1326
8150
2784
1565
4315
3631
2936
1612
1461
2241
4771
841
2412
1301
2248
3614
6845
95
1695
4099
4772
1433
3926
4063
3921
2107
7343
3688
1722
2303
2056
5402
5112
624
530
3689
4357
2135
3179
4857
2634
5979
1597
2336
467
1457
4460
7283
2262
3583
8063
4508
4089
2577
4077
2715
871
4389
3177
392
1632
8696
7536
6887
4125
4252
3431
5010
3903
2781
820
5936
808
1077
968
2717
597
1209
3423
2953
2845
2361
1533
1262
2195
760
4004
6087
3894
4261
2398
2603
1257
1371
7303
455
3749
1330
1726
2052
3737
1978
3077
9124
2981
2410
358
4878
6098
1623
5656
1088
2373
974
3523
3271
2304
1733
3212
2935
2701
760
5757
2605
3417
2374
1412
1902
1566
6761
1983
1500
3938
2953
2333
5206
1262
2084
5229
6446
4686
2529
7535
229
3829
3370
3145
1940
1322
5949
2780
2991
3117
356
1424
4274
3706
3867
2725
4892
5423
2230
1096
3232
1620
1942
974
3515
1367
582
5730
8331
2844
3062
1952
2978
2694
2907
6469
416
5853
2932
2910
3691
3832
1368
322
1746
4872
6222
2595
3037
1664
3985
1687
862
3873
3051
4167
3809
3553
4002
1340
2135
3068
6183
2283
595
3187
651
4895
5797
356
2140
2567
1253
218
1309
4407
1991
4297
4027
1409
3843
3877
1390
2787
3233
1771
3914
366
322
3933
843
1888
2246
4012
2213
6225
3485
568
4165
5883
2167
3740
2049
2698
4497
1216
3573
2827
5099
3880
7511
4655
6288
1042
6060
1017
4678
956
2936
1806
1073
3059
1732
4216
2987
919
10
3325
5081
2568
1027
939
651
4879
2818
8093
3808
3744
7264
1871
1621
1417
3743
5473
367
1113
6344
6867
3713
91
1330
4613
1205
2743
2515
4517
3565
4962
3415
2253
6102
2596
264
4621
3298
9230
3865
2715
1811
2212
7363
2475
9318
1461
5949
1481
3723
1323
2491
4039
633
1531
904
2802
3879
3679
2127
7346
3657
4628
3615
3064
1068
1664
1814
4035
259
3584
2609
452
5098
196
1545
2524
2323
9537
27
2045
4512
9156
3237
3306
1668
241
2551
3216
2650
4074
2529
2668
3338
5013
5131
2121
9925
2730
2540
1693
6823
1914
2445
1333
760
4588
699
3251
2420
2981
570
3284
3543
3541
1913
1641
4186
3343
2089
183
5245
1730
1155
3875
3193
3789
3120
4184
3495
6951
3948
4760
1622
3553
62
3723
1629
737
3427
1190
7093
1214
704
4452
3730
4645
3894
5097
8801
4890
932
2145
4486
1320
7371
1024
1562
3724
1867
2048
3340
4164
3308
3336
4924
3610
4655
2523
5013
2105
4429
9316
5717
88
4045
2976
5116
1773
3735
4363
3623
5339
3220
3624
3829
4666
3080
2977
7412
6162
4582
4785
2130
91
1494
4795
7950
1744
6417
1286
3399
6157
1793
3392
6736
3335
3026
8884
1576
4045
1651
1221
1038
2070
1207
2472
2087
7885
4171
462
4507
1423
2671
4501
1465
1318
546
154
4270
4360
3420
654
8923
4739
4589
3509
9060
1488
3564
2173
2893
989
2864
4280
4444
245
1874
3201
4180
6531
3576
1541
3697
6483
5121
3176
1925
6090
1090
3941
1803
7463
2382
1424
6467
3552
1607
1977
3171
2233
2601
5210
3143
2275
965
8264
623
3173
2023
3693
205
3133
3747
6640
2199
2340
451
4066
5039
3113
436
6160
3038
1778
2227
2519
8021
4255
4901
4253
1290
7640
1554
10110
2034
6316
3877
3428
4489
447
3043
2730
2786
2624
3865
4762
3023
6345
4981
3272
7464
1258
2175
2983
2322
4179
1215
1866
4322
3806
1452
5964
6391
3169
2951
2087
1810
5855
4598
1557
2494
5428
5455
5546
1064
2067
2421
3697
81
7257
1667
1203
1488
2887
2855
7505
2240
3395
8078
4271
3963
202
3581
2439
3493
1411
9718
4138
7984
1912
3383
3823
1761
5571
9227
2582
1801
626
6337
1549
5584
3745
1328
1222
1008
2848
1474
5210
5519
43
10128
3854
3021
2902
10203
784
2968
3506
3879
3649
6744
2115
457
2877
850
4609
805
2745
447
2735
3893
5391
4176
1824
1770
7448
5327
3141
3165
1315
3774
6328
4564
6270
2040
2568
4909
1230
1253
6083
4337
6760
3741
2859
2072
3805
5123
1598
6256
2762
1382
1595
7805
2499
3161
3769
3363
1803
8436
910
2037
3192
3500
4656
4581
6320
2005
7155
861
8858
9986
4914
6263
3471
2881
1597
5949
2063
7384
2862
3166
4089
3193
2881
7430
4796
3368
3015
3624
3157
1330
4736
2359
4609
3204
6381
6745
6747
3156
4019
3587
988
292
2357
840
1867
4299
2471
2440
1248
1588
742
1860
1054
6021
5137
6134
2410
4817
9152
1685
2948
2504
4756
3091
4656
4914
2279
7412
4999
2960
2423
3456
3983
5075
6428
5517
3361
3086
3245
1794
2239
3463
1365
2535
3986
2955
1638
4431
1497
2092
7789
820
56
2058
5850
6708
4251
755
3437
1468
5045
2008
8711
4307
6317
2219
3091
6696
381
1978
2966
4239
505
8884
1281
3725
3245
1043
3238
3333
4177
781
2663
5661
1054
2526
3219
4127
3153
4048
4038
439
663
97
2055
1651
4034
3477
861
1457
4133
2447
462
1311
1993
1449
2054
3848
2186
2859
3533
2659
7841
3855
4010
353
2273
1874
1002
3775
2875
2647
6661
69
4519
3109
1412
4528
3729
1066
3269
109
727
3476
1147
6094
3063
6105
4609
3755
2148
4529
834
926
1449
1978
3663
2119
3196
4085
1205
4507
6084
7207
5963
322
4529
5088
2392
9429
6084
4215
2726
1254
6132
3499
1427
4565
1066
1664
3567
1834
1115
1855
808
3376
3232
5810
3186
2294
3175
451
3152
6492
2296
1415
505
1076
1281
3765
1449
3006
1517
2941
3457
3393
3339
7155
3319
361
5853
1089
8612
7346
2092
1054
1853
2687
3918
3848
2290
3315
2108
1582
3981
2005
3313
948
1449
3438
2357
1076
1166
3139
3075
4587
2113
769
1510
4609
982
3016
7595
4085
2348
2947
5839
2124
6178
2819
2410
1977
3149
1808
4489
445
2626
4587
2755
3297
1105
2202
3636
2727
7346
9331
2989
3147
1557
2959
6178
3759
568
9628
1054
3530
4045
1195
2592
2787
10127
4875
4748
9257
4498
2423
2184
4231
2123
2397
1339
5444
3594
2662
1472
4112
3623
4432
3847
1612
544
3062
1281
1753
1895
3609
806
7023
1131
3591
1272
6407
1715
1203
1184
3844
1712
1184
1567
5210
3207
2619
2122
5201
414
1275
1548
6024
5767
5383
3285
7016
3428
3222
1640
623
4613
2627
1066
4519
1571
4085
5008
1898
4400
1087
3368
1569
5613
4040
4104
1984
3091
3613
7152
3559
4139
1855
6551
1598
3073
4613
2835
3501
1281
2147
6178
3345
1598
2144
1893
9353
1564
1035
3719
3539
3373
1155
5201
2081
2343
3889
1745
3979
3313
3516
